State,City,Pop,PCI,price,rating,review,Price perc
ak,bristol bay borough,877,116340,2.6666666666666665,4.666666666666667,5.0,0.3
ak,sitka city and borough,8647,66157,2.2,3.65,13.5,0.7692307692307693
ak,matanuska-susitna borough,107610,45608,2.0833333333333335,4.083333333333333,36.416666666666664,0.5454545454545454
ak,kodiak island borough,13345,57814,4.0,2.5,3.0,0.5
ak,kenai peninsula borough,58533,50466,2.272727272727273,4.181818181818182,7.818181818181818,0.3793103448275862
ak,juneau city and borough,32113,62774,2.2,3.2666666666666666,20.066666666666666,0.6818181818181818
ak,haines borough,2474,53013,2.5,4.5,5.75,0.6666666666666666
ak,anchorage municipality,291538,61425,2.0833333333333335,3.25,41.361111111111114,0.3333333333333333
al,tuscaloosa,101113,35365,2.0526315789473686,3.473684210526316,20.36842105263158,0.4318181818181818
al,talladega,15291,30917,1.5,3.0,3.6666666666666665,0.6666666666666666
al,butler,1739,32862,2.0,4.03125,11.0625,0.3018867924528302
al,mobile,189572,34661,1.8837209302325582,3.197674418604651,22.13953488372093,0.31386861313868614
al,cherokee,1004,31688,1.8076923076923077,3.3461538461538463,8.576923076923077,0.2736842105263158
al,clay,9646,29443,1.8823529411764706,3.235294117647059,13.470588235294118,0.4358974358974359
al,montgomery,198218,39060,2.032258064516129,3.2096774193548385,20.548387096774192,0.31313131313131315
al,elmore,1441,36665,1.9166666666666667,3.125,9.0,0.75
al,fayette,4327,30747,2.0,4.75,12.5,0.2857142857142857
al,cullman,15858,35144,2.0,3.0,10.11111111111111,0.75
al,geneva,4335,30997,1.8666666666666667,3.5,11.733333333333333,0.36585365853658536
al,jackson,4742,32986,1.7857142857142858,3.5357142857142856,8.714285714285714,0.4375
al,madison,50440,45274,2.0,3.257575757575758,13.696969696969697,0.4074074074074074
al,marion,3252,29422,1.875,2.6875,7.0,0.6666666666666666
al,franklin,126,30044,1.8571428571428572,3.1607142857142856,14.5,0.27586206896551724
ar,lonoke,4262,35564,2.0,3.5,8.857142857142858,0.875
ar,washington,167,35135,1.7777777777777777,3.5277777777777777,15.277777777777779,0.32142857142857145
ar,van buren,23691,29374,1.625,3.5625,19.625,0.7272727272727273
ar,searcy,23768,26785,1.8,3.1,5.4,0.8333333333333334
ar,st. francis,233,25498,2.0,4.2,10.0,0.5
ar,perry,274,31447,1.8333333333333333,3.1333333333333333,17.266666666666666,0.4
ar,madison,696,32411,1.5384615384615385,2.923076923076923,12.538461538461538,0.9285714285714286
ar,lincoln,2474,24404,1.875,3.8125,17.625,0.24615384615384617
ar,marion,12364,27465,1.8888888888888888,3.111111111111111,43.55555555555556,0.32926829268292684
ar,garland,239,35645,1.9444444444444444,3.435185185185185,21.814814814814813,0.2465753424657534
ar,benton,36403,74292,1.8,3.35,14.3,0.5263157894736842
ar,bradley,528,34423,1.896551724137931,2.8706896551724137,18.46551724137931,0.30687830687830686
ar,conway,66426,36965,1.9375,3.4375,9.75,0.7272727272727273
ar,johnson,3736,27625,1.9285714285714286,3.0,11.857142857142858,0.7
ar,franklin,191,31801,1.5833333333333333,3.6666666666666665,3.6666666666666665,0.4444444444444444
ar,fulton,194,26383,1.6,3.8,10.8,1.0
az,pima,2512,38031,2.0,2.8333333333333335,10.5,0.5454545454545454
az,maricopa,50024,41197,1.9938650306748467,3.1503067484662575,78.37423312883436,0.2703150912106136
ca,tulare,64475,37121,1.7777777777777777,3.25,56.5,0.5142857142857142
ca,san diego,1425976,52214,2.0714285714285716,3.3376623376623376,185.35714285714286,0.2100954979536153
ca,sonoma,11248,51565,2.533333333333333,4.066666666666666,193.73333333333332,0.39473684210526316
ca,santa cruz,64725,56549,2.1538461538461537,3.1794871794871793,141.4102564102564,0.42391304347826086
ca,santa clara,129488,79055,2.0,2.9305555555555554,108.84722222222223,0.3870967741935484
ca,santa barbara,91350,53758,2.2580645161290325,3.629032258064516,171.67741935483872,0.2743362831858407
ca,san mateo,105025,93765,2.0277777777777777,3.0972222222222223,117.94444444444444,0.46153846153846156
ca,san luis obispo,47446,48532,2.0555555555555554,3.9444444444444446,244.22222222222223,0.34615384615384615
ca,san joaquin,4032,37643,1.7796610169491525,2.9915254237288136,38.49152542372882,0.28780487804878047
ca,san francisco,883305,99990,2.0316455696202533,3.259493670886076,134.36075949367088,0.2532051282051282
ca,ventura,111128,53031,1.7352941176470589,2.735294117647059,124.91176470588235,0.40963855421686746
ca,tehama,421,36005,1.9444444444444444,3.638888888888889,64.27777777777777,0.32727272727272727
ca,sacramento,508529,45187,1.872093023255814,3.0697674418604652,96.15116279069767,0.32575757575757575
ca,riverside,330063,34753,1.8235294117647058,2.6470588235294117,51.747899159663866,0.31398416886543534
ca,alameda,78338,59085,1.6470588235294117,3.0,85.44117647058823,0.3541666666666667
ca,san bernardino,215941,34320,1.7941176470588236,2.9558823529411766,48.26470588235294,0.272
ca,fresno,530093,37434,1.8888888888888888,3.0694444444444446,58.0,0.2903225806451613
ca,imperial,17695,32890,1.2222222222222223,2.2222222222222223,10.777777777777779,0.75
ca,los angeles,3990456,52233,2.143712574850299,3.4520958083832336,183.311377245509,0.09823529411764706
ca,colusa,5911,41877,1.3333333333333333,3.5555555555555554,40.888888888888886,0.75
ca,merced,83316,35361,1.6875,2.59375,37.125,0.7619047619047619
ca,monterey,28289,47557,2.1343283582089554,3.3507462686567164,186.16417910447763,0.3489583333333333
ca,napa,79263,59563,2.566666666666667,4.0,213.3,0.2542372881355932
ca,orange,139484,57165,1.8695652173913044,3.028985507246377,197.31884057971016,0.3209302325581395
ca,madera,65706,35754,1.9705882352941178,3.0588235294117645,69.23529411764706,0.288135593220339
co,montezuma,68,39527,2.3076923076923075,3.5,30.076923076923077,0.3466666666666667
co,sedgwick,140,54366,1.6875,4.03125,12.375,0.27586206896551724
co,saguache,504,27918,1.8571428571428572,3.982142857142857,23.285714285714285,0.2413793103448276
co,pueblo,111750,33932,1.8823529411764706,3.0294117647058822,23.235294117647058,0.4473684210526316
co,pitkin,72,126611,2.230769230769231,4.1923076923076925,30.846153846153847,0.3333333333333333
co,ouray,1010,51437,2.066666666666667,4.233333333333333,28.8,0.6
co,montrose,19512,34155,1.7777777777777777,3.3333333333333335,24.666666666666668,0.6428571428571429
co,moffat,120,40342,1.9333333333333333,3.8833333333333333,18.0,0.2727272727272727
co,yuma,3460,52760,1.9285714285714286,3.7857142857142856,10.857142857142858,0.5833333333333334
co,kit carson,238,35048,1.7272727272727273,3.4545454545454546,11.636363636363637,0.7333333333333333
co,kiowa,757,52054,2.0733333333333333,3.3133333333333335,61.653333333333336,0.2183406113537118
co,gunnison,6594,40429,2.1538461538461537,3.1538461538461537,14.923076923076923,0.7647058823529411
co,eagle,6961,60847,2.2666666666666666,3.933333333333333,43.266666666666666,0.24193548387096775
co,dolores,958,33107,1.588235294117647,3.735294117647059,25.176470588235293,0.6538461538461539
co,denver,716492,68046,2.0,3.107638888888889,64.88888888888889,0.2891566265060241
co,delta,8920,33209,2.0,2.625,7.0,0.6666666666666666
co,crowley,167,18464,1.6,3.1,8.6,0.9090909090909091
co,alamosa,9997,32221,1.9090909090909092,3.3181818181818183,21.0,0.9166666666666666
co,las animas,2190,37013,1.5,3.3125,9.9375,0.5161290322580645
ct,windham,24706,41381,2.0,3.25,15.166666666666666,0.6666666666666666
ct,tolland,14655,50980,1.9661016949152543,3.016949152542373,25.220338983050848,0.329608938547486
ct,litchfield,8127,56884,3.0,2.75,23.75,0.8
ct,new haven,130418,50286,1.9285714285714286,2.857142857142857,45.357142857142854,0.5
ct,new london,26939,51200,1.8888888888888888,3.138888888888889,32.94444444444444,0.6
ct,hartford,122587,57564,2.0,3.138888888888889,38.166666666666664,0.5142857142857142
ct,fairfield,61952,102612,2.0,2.95,27.9,0.8333333333333334
de,new castle,5529,49300,2.1176470588235294,3.323529411764706,40.1764705882353,0.3953488372093023
fl,sarasota,57738,54984,2.087719298245614,3.4649122807017543,28.280701754385966,0.2638888888888889
fl,seminole,18866,41339,1.625,3.675,18.325,0.3076923076923077
fl,palm beach,8802,66126,2.193548387096774,3.274193548387097,68.90322580645162,0.3563218390804598
fl,madison,2797,28449,1.6,2.7,8.2,0.8333333333333334
fl,lee,328,44543,1.6,2.7,8.2,0.8333333333333334
fl,alachua,9949,38638,1.5,2.0,10.5,0.4
fl,okeechobee,5731,28601,1.8,2.8,4.2,0.625
ga,jefferson,11704,28456,1.9333333333333333,3.1666666666666665,11.533333333333333,0.5555555555555556
ga,lumpkin,1197,31917,1.5714285714285714,2.7142857142857144,8.714285714285714,0.4375
ga,madison,4155,31698,2.111111111111111,3.6666666666666665,9.11111111111111,0.9
ga,mitchell,193,29523,1.5,3.0833333333333335,5.333333333333333,0.6
ga,monroe,13573,39206,1.934782608695652,2.9456521739130435,16.369565217391305,0.2893081761006289
ga,morgan,1846,41424,1.7727272727272727,3.227272727272727,11.045454545454545,0.24175824175824176
ga,oglethorpe,1159,34291,1.7346938775510203,3.0918367346938775,14.285714285714286,0.2578947368421053
ga,pulaski,269,25958,1.7692307692307692,3.4615384615384617,12.384615384615385,0.40625
ga,quitman,3703,26489,1.95,3.725,25.55,0.29850746268656714
ga,screven,761,29505,1.6,2.1,3.8,0.45454545454545453
ga,washington,4001,31659,1.2857142857142858,3.0714285714285716,4.571428571428571,0.7777777777777778
ga,white,722,30534,1.8666666666666667,3.1666666666666665,11.866666666666667,0.46875
ga,macon,153095,28018,1.9444444444444444,3.3333333333333335,25.72222222222222,0.28125
ga,oconee,244,55452,1.8125,3.8125,22.125,0.23529411764705882
ga,jasper,3941,32539,2.029585798816568,3.3195266272189348,38.289940828402365,0.18924972004479285
ga,newton,579,29625,1.8214285714285714,2.892857142857143,11.071428571428571,0.23529411764705882
ga,haralson,193,31520,1.8604651162790697,2.941860465116279,20.232558139534884,0.2670807453416149
ga,gordon,1882,30915,1.8529411764705883,3.3088235294117645,16.323529411764707,0.35789473684210527
ga,franklin,924,32534,1.917808219178082,2.9315068493150687,38.17123287671233,0.23778501628664495
ga,forsyth,4117,54651,1.7777777777777777,3.2222222222222223,10.333333333333334,0.9
ga,douglas,11616,31349,1.8571428571428572,2.5714285714285716,3.7142857142857144,1.0
ga,decatur,25732,31946,2.2857142857142856,3.2142857142857144,37.0,0.7777777777777778
ga,dawson,4102,37402,1.78125,2.9375,11.8125,0.24615384615384617
ga,crawford,832,29600,1.9333333333333333,3.6333333333333333,27.733333333333334,0.3
ga,colquitt,1824,27507,1.5555555555555556,2.6666666666666665,6.111111111111111,0.5625
ga,cobb,346,48253,1.9230769230769231,3.5,16.384615384615383,0.2653061224489796
ga,clayton,2183,25550,1.8,3.0,7.8,0.7142857142857143
ga,calhoun,16966,21655,1.8181818181818181,3.4545454545454546,8.545454545454545,0.5789473684210527
ga,brooks,555,31146,1.7058823529411764,3.1470588235294117,15.764705882352942,0.68
ga,bartow,256,33267,1.8771929824561404,2.8157894736842106,12.87719298245614,0.31666666666666665
ga,baldwin,3384,29192,2.0,2.6666666666666665,9.0,0.6
ga,jackson,5083,34627,2.0,3.3333333333333335,13.066666666666666,0.4838709677419355
hi,honolulu,347397,50988,2.3777777777777778,3.4,286.4888888888889,0.23316062176165803
ia,boone,12470,45036,2.0,3.625,7.5,0.8
ia,hamilton,133,50618,2.111111111111111,3.1666666666666665,5.777777777777778,0.5294117647058824
ia,greene,1068,48116,2.142857142857143,3.857142857142857,9.285714285714286,0.5384615384615384
ia,fremont,718,43944,1.9,2.65,5.6,0.5882352941176471
ia,franklin,134,50235,1.8,3.1,8.4,0.7142857142857143
ia,floyd,318,41127,1.6,3.5,5.2,0.625
ia,benton,41,47565,1.6666666666666667,4.333333333333333,1.3333333333333333,0.5
ia,hancock,195,50657,1.6,3.2666666666666666,8.133333333333333,0.6818181818181818
ia,fayette,1374,39680,1.962962962962963,3.814814814814815,8.592592592592593,0.2967032967032967
ia,des moines,216853,46007,1.8958333333333333,3.21875,22.770833333333332,0.36363636363636365
ia,delaware,151,44837,1.7142857142857142,3.0,5.285714285714286,0.7777777777777778
ia,clinton,25184,39659,2.0,2.8333333333333335,4.833333333333333,0.6
ia,clayton,39,44107,2.0,3.4444444444444446,6.0,0.3333333333333333
ia,cherokee,4900,55347,1.8,3.3,4.4,0.35714285714285715
ia,carroll,9812,49617,2.8,3.4,5.6,0.7142857142857143
ia,dubuque,57941,42870,1.8333333333333333,3.6944444444444446,20.5,0.5806451612903226
ia,humboldt,4589,45629,2.090909090909091,3.1818181818181817,6.7272727272727275,0.7333333333333333
ia,muscatine,23817,42450,1.8333333333333333,3.0833333333333335,7.333333333333333,0.75
ia,keokuk,10274,42783,1.8333333333333333,2.9166666666666665,6.333333333333333,1.0
ia,audubon,1912,46872,1.9411764705882353,3.911764705882353,7.882352941176471,0.3333333333333333
ia,webster,71,42161,2.0,3.125,8.25,0.6666666666666666
ia,washington,7309,51235,1.6,3.9,2.4,0.7142857142857143
ia,wapello,2026,34477,1.8297872340425532,3.3191489361702127,15.595744680851064,0.27647058823529413
ia,union,382,37907,1.6666666666666667,2.611111111111111,9.333333333333334,0.6
ia,tama,2745,40729,1.9655172413793103,3.4310344827586206,10.862068965517242,0.29292929292929293
ia,shelby,616,50283,1.4285714285714286,3.4285714285714284,8.571428571428571,0.7
ia,jefferson,4148,37397,2.1666666666666665,3.75,13.666666666666666,0.75
ia,pocahontas,1663,51035,1.8571428571428572,4.142857142857143,4.142857142857143,0.32558139534883723
ia,osceola,5193,57030,1.5714285714285714,3.642857142857143,11.428571428571429,0.7
ia,monroe,1874,38175,2.2,3.2,8.0,0.625
ia,monona,1477,43238,1.9615384615384615,3.5384615384615383,7.038461538461538,0.24299065420560748
ia,mitchell,131,57565,1.8333333333333333,3.7777777777777777,9.944444444444445,0.2608695652173913
ia,marshall,27068,38463,1.986842105263158,3.263157894736842,17.355263157894736,0.31666666666666665
ia,marion,39979,40851,1.9411764705882353,2.9411764705882355,14.941176470588236,1.0
ia,lucas,209,37890,1.7777777777777777,3.5,9.444444444444445,0.6
ia,plymouth,363,52006,2.25,3.625,8.6875,0.5714285714285714
ia,adair,704,45386,1.7777777777777777,3.9166666666666665,8.833333333333334,0.2535211267605634
id,boise,228790,36229,1.8823529411764706,3.426470588235294,53.05882352941177,0.4
id,twin falls,49764,35300,1.9375,3.53125,32.125,0.7619047619047619
id,jerome,11807,37126,1.6,3.5,16.2,0.8333333333333334
id,payette,7527,35582,1.5833333333333333,3.125,17.083333333333332,0.6666666666666666
id,gooding,3473,58373,1.8666666666666667,4.2,26.2,0.30612244897959184
id,franklin,828,32130,1.9230769230769231,3.8461538461538463,13.23076923076923,0.48148148148148145
id,shoshone,1511,33851,1.8235294117647058,4.147058823529412,26.705882352941178,0.3148148148148148
id,teton,733,31214,2.0,3.7,11.7,0.5882352941176471
id,kootenai,922,38416,1.625,3.125,23.375,0.8
id,minidoka,113,35533,1.6,3.5,16.2,0.625
il,scott,1235,37014,1.75,3.0,7.875,0.6153846153846154
il,franklin,2473,34652,2.0,3.566666666666667,16.266666666666666,0.42857142857142855
il,union,677,37679,1.8888888888888888,3.2777777777777777,16.5,0.26865671641791045
il,montgomery,637,33349,1.8571428571428572,3.142857142857143,16.142857142857142,0.6363636363636364
il,morgan,345,36602,1.8387096774193548,2.8870967741935485,10.225806451612904,0.3924050632911392
il,lake,941,68199,2.159090909090909,3.5056818181818183,89.07954545454545,0.21103117505995203
il,wabash,2152,41797,1.8518518518518519,3.5925925925925926,8.962962962962964,0.23893805309734514
il,champaign,88029,42659,2.0,3.6176470588235294,28.294117647058822,0.3695652173913043
il,clinton,6927,42048,1.7058823529411764,3.5294117647058822,13.470588235294118,0.5151515151515151
il,dekalb,42611,35809,2.0,3.375,11.125,0.8888888888888888
il,effingham,12627,43646,1.6923076923076923,3.5384615384615383,15.76923076923077,0.7222222222222222
il,fulton,3346,33854,2.2,2.5,5.2,0.5555555555555556
il,hamilton,2740,41048,1.8333333333333333,2.9166666666666665,6.333333333333333,1.0
il,henry,2232,42246,1.94,3.09,18.18,0.36496350364963503
il,johnson,644,30786,1.875,3.375,15.625,0.26229508196721313
il,kankakee,26052,36138,1.7777777777777777,2.388888888888889,15.88888888888889,0.75
il,mchenry,27022,48027,1.9411764705882353,3.1882352941176473,31.49411764705882,0.3483606557377049
il,macon,1120,44811,1.6666666666666667,3.8333333333333335,9.066666666666666,0.5
il,madison,3794,40943,1.9285714285714286,3.1666666666666665,54.523809523809526,0.2978723404255319
il,douglas,157,45461,2.235294117647059,3.264705882352941,145.47058823529412,0.5151515151515151
il,marshall,3843,42080,2.0,3.5625,19.75,0.4444444444444444
il,mason,335,38936,1.6666666666666667,3.533333333333333,14.266666666666667,0.6
il,peoria,111388,46148,2.0526315789473686,3.526315789473684,24.526315789473685,0.4523809523809524
il,rock island,37678,39842,2.176470588235294,3.588235294117647,35.588235294117645,0.4594594594594595
il,washington,16704,46128,1.6666666666666667,3.25,11.0,0.8571428571428571
il,boone,1934,40608,1.9296875,3.1171875,30.5078125,0.330749354005168
il,lee,308,37889,1.9285714285714286,3.4285714285714284,13.142857142857142,0.4827586206896552
il,bureau,233,39270,1.875,3.3125,22.9375,0.5925925925925926
il,brown,2054,29522,2.0,3.0,1.0,0.5
il,lasalle,9064,39378,2.0714285714285716,3.107142857142857,24.857142857142858,0.7777777777777778
il,marion,17620,38112,1.6153846153846154,3.1538461538461537,15.538461538461538,0.9285714285714286
il,wayne,66483,40354,2.0555555555555554,3.2916666666666665,53.916666666666664,0.4044943820224719
il,winnebago,5098,38275,2.0,2.375,23.5,0.5
il,richland,363,39787,1.4285714285714286,3.142857142857143,4.142857142857143,0.5833333333333334
il,adams,1567,40921,1.7586206896551724,3.189655172413793,8.551724137931034,0.38666666666666666
il,knox,4794,36417,1.9411764705882353,3.088235294117647,16.901960784313726,0.40476190476190477
il,de witt,461,48628,1.8421052631578947,3.763157894736842,16.36842105263158,0.38
il,kendall,8946,43074,1.975,3.075,25.175,0.28368794326241137
il,warren,1479,36696,2.0,3.7903225806451615,22.016129032258064,0.2966507177033493
il,bond,619,32859,1.875,3.78125,8.8125,0.5517241379310345
il,jersey,9823,36597,1.864,3.044,35.912,0.3056234718826406
il,hancock,239,42145,1.8666666666666667,2.933333333333333,8.733333333333333,0.379746835443038
il,kane,926,44432,1.8333333333333333,3.6666666666666665,24.666666666666668,0.6
il,cass,601,38103,1.7878787878787878,3.090909090909091,12.727272727272727,0.39759036144578314
il,pope,214,26405,1.736842105263158,3.3947368421052633,12.973684210526315,0.24516129032258063
il,jackson,1203,33046,1.6818181818181819,3.0113636363636362,13.409090909090908,0.33587786259541985
il,edgar,449,37073,1.7727272727272727,3.1136363636363638,14.386363636363637,0.2894736842105263
il,iroquois,581,40167,1.9259259259259258,2.8703703703703702,10.074074074074074,0.27
il,lawrence,6355,32979,1.7307692307692308,3.269230769230769,6.769230769230769,0.325
il,henderson,1088,39188,1.8333333333333333,3.1666666666666665,10.833333333333334,0.8571428571428571
il,pike,225,39140,1.6875,3.96875,10.25,0.24615384615384617
il,will,1805,45465,2.036144578313253,3.2801204819277108,58.65060240963855,0.18778280542986425
il,fayette,255,31527,1.8064516129032258,3.3870967741935485,9.258064516129032,0.3163265306122449
il,jasper,1722,42512,1.8,3.4,12.966666666666667,0.2803738317757009
il,carroll,578,40981,1.9491525423728813,3.4915254237288136,16.847457627118644,0.28921568627450983
il,jefferson,255,35726,1.7407407407407407,3.1481481481481484,15.407407407407407,0.26732673267326734
il,perry,574,34612,1.5,3.375,4.25,0.5714285714285714
il,hardin,204,34034,1.864,3.156,33.864,0.30339805825242716
il,st. clair,35047,39740,1.8928571428571428,3.0,29.901785714285715,0.27450980392156865
il,logan,3104,35205,1.92,3.43,18.82,0.28901734104046245
il,monroe,1485,50446,1.9130434782608696,2.991304347826087,31.921739130434784,0.2777777777777778
il,mercer,3872,40702,1.851063829787234,3.234042553191489,17.53191489361702,0.29375
il,greene,1543,34501,1.8987341772151898,3.240506329113924,21.39240506329114,0.2893772893772894
il,saline,6278,36996,1.375,2.5,5.75,0.5
il,randolph,4447,32226,2.0428571428571427,3.142857142857143,43.51428571428571,0.2755905511811024
il,sangamon,2333,43441,1.8611111111111112,3.7222222222222223,19.13888888888889,0.3333333333333333
in,ripley,985,37430,1.9148936170212767,3.0691489361702127,19.414893617021278,0.32525951557093424
in,vigo,3964,34509,1.9444444444444444,3.2777777777777777,20.0,0.2571428571428571
in,scott,1721,33426,1.9411764705882353,3.3823529411764706,10.882352941176471,0.7083333333333334
in,allen,670,40471,1.8,3.2,12.54,0.28735632183908044
in,randolph,4170,35269,1.7719298245614035,3.008771929824561,11.929824561403509,0.2835820895522388
in,clark,2715,40151,1.89010989010989,3.2527472527472527,24.186813186813186,0.2668621700879765
in,hendricks,1276,42937,1.9516129032258065,3.0725806451612905,23.911290322580644,0.29594272076372313
in,steuben,2859,36506,1.7857142857142858,3.357142857142857,12.785714285714286,0.3684210526315789
in,vermillion,877,35532,1.875,3.2916666666666665,15.083333333333334,0.2926829268292683
in,fayette,2600,35734,2.0588235294117645,3.3529411764705883,17.0,0.3090909090909091
in,gibson,1168,40959,1.864864864864865,3.2972972972972974,8.972972972972974,0.26811594202898553
in,floyd,4051,47171,1.9516129032258065,3.274193548387097,45.33870967741935,0.28054298642533937
in,shelby,1129,39033,2.0,2.75,5.5,0.8
in,pike,875,36602,1.5714285714285714,3.0,8.0,0.7777777777777778
in,greene,968,34568,1.7619047619047619,3.2738095238095237,9.619047619047619,0.3
in,washington,12149,33987,2.0,3.0,5.5,0.8
in,warren,1209,42455,2.3333333333333335,2.0,6.333333333333333,0.5
in,wabash,10054,38314,1.9111111111111112,3.111111111111111,11.488888888888889,0.2616279069767442
in,tipton,5104,40206,2.0,2.6666666666666665,5.5,0.6
in,sullivan,4097,31374,1.7407407407407407,3.3518518518518516,10.333333333333334,0.28421052631578947
in,spencer,2248,39496,2.0,3.2857142857142856,18.428571428571427,0.7777777777777778
in,porter,4825,45101,2.0,3.2142857142857144,15.857142857142858,0.7777777777777778
in,morgan,976,39004,1.920863309352518,3.0,26.33093525179856,0.3116591928251121
in,montgomery,347,37697,1.8333333333333333,2.75,4.666666666666667,0.8571428571428571
in,monroe,879,35012,1.8666666666666667,3.8333333333333335,7.466666666666667,0.46875
in,marshall,319,36406,2.0,3.5357142857142856,11.285714285714286,0.42424242424242425
in,marion,28047,46320,2.0,2.75,15.0,0.3333333333333333
in,madison,11879,33764,2.0,3.7222222222222223,12.0,0.5625
in,lawrence,49046,34913,2.0625,3.15625,49.8125,0.36363636363636365
in,knox,3535,41101,1.7857142857142858,2.6785714285714284,7.5,0.7
in,jasper,15568,40597,1.8571428571428572,3.0714285714285716,9.571428571428571,0.7777777777777778
in,huntington,17019,37086,2.0,3.5,3.0,0.4
in,hamilton,1580,64213,1.75,3.28125,12.25,0.48484848484848486
in,fulton,318,36386,1.7777777777777777,3.0,6.222222222222222,0.5294117647058824
in,franklin,25248,40595,1.75,3.5,6.25,0.5714285714285714
in,elkhart,52367,38511,1.8125,3.1875,11.4375,0.43243243243243246
in,decatur,9843,38304,1.8636363636363635,3.1931818181818183,10.386363636363637,0.275
in,clinton,4717,34936,2.0,3.8,22.066666666666666,0.375
in,wayne,952,36972,1.8709677419354838,3.0483870967741935,13.655913978494624,0.30491803278688523
in,jefferson,1131,37002,1.9411764705882353,3.676470588235294,13.588235294117647,0.25
in,lagrange,2748,34987,1.9230769230769231,2.9615384615384617,11.153846153846153,0.7647058823529411
in,adams,34460,35449,1.7857142857142858,3.130952380952381,10.261904761904763,0.2608695652173913
in,union,962,34404,1.8235294117647058,2.9705882352941178,8.882352941176471,0.7391304347826086
in,newton,794,36608,1.8676470588235294,2.875,15.176470588235293,0.28451882845188287
in,howard,2558,36841,1.894736842105263,2.986842105263158,16.38157894736842,0.2835820895522388
in,brown,2647,40633,1.9375,2.703125,60.4375,0.32989690721649484
in,henry,2934,33164,1.9411764705882353,3.411764705882353,22.88235294117647,0.34
in,orange,700,31901,2.0,2.4,4.0,0.8333333333333334
in,delaware,3475,32666,2.0,3.5,20.666666666666668,0.6
in,jennings,1416,34177,1.9565217391304348,3.4456521739130435,11.956521739130435,0.26900584795321636
in,johnson,499,42691,1.625,3.5,7.625,0.6666666666666666
in,posey,3931,45646,1.8,3.533333333333333,12.2,0.2912621359223301
in,cass,338,34954,1.8666666666666667,3.1166666666666667,12.866666666666667,0.2542372881355932
in,owen,1095,33173,1.9166666666666667,3.1666666666666665,14.25,0.5217391304347826
in,benton,3128,39432,2.0,3.46875,12.25,0.37209302325581395
in,miami,1273,31354,2.121212121212121,3.315151515151515,74.95151515151515,0.18477043673012317
in,jackson,532,38888,2.0533333333333332,3.46,28.546666666666667,0.29411764705882354
in,noble,1915,34625,1.8805970149253732,3.1940298507462686,13.35820895522388,0.2838983050847458
in,lake,2433,38485,2.0,2.6666666666666665,20.333333333333332,0.75
in,perry,30956,33711,1.951219512195122,3.2195121951219514,15.804878048780488,0.2971014492753623
in,clay,3540,33864,1.72,2.69,118.24,0.3875968992248062
in,harrison,4132,37177,1.875,3.0,21.5,0.5925925925925926
in,st. joseph,75633,41274,1.9545454545454546,3.0738636363636362,17.25,0.3024054982817869
in,ohio,1930,35220,1.9444444444444444,3.5833333333333335,26.11111111111111,0.6206896551724138
in,grant,1031,35592,1.9090909090909092,3.1818181818181817,5.7272727272727275,0.3055555555555556
in,tippecanoe,2357,34210,1.9054054054054055,3.2162162162162162,23.986486486486488,0.29365079365079366
in,boone,1446,62698,1.8492063492063493,2.9087301587301586,30.015873015873016,0.3165829145728643
ks,lyon,523,33378,1.8275862068965518,2.9827586206896552,11.517241379310345,0.3118279569892473
ks,elk,743,39799,2.3076923076923075,3.3461538461538463,6.3076923076923075,0.26
ks,harvey,92,38197,1.8936170212765957,3.5638297872340425,12.936170212765957,0.30128205128205127
ks,sheridan,212,52677,1.6666666666666667,3.8055555555555554,12.61111111111111,0.6206896551724138
ks,neosho,263,35565,1.9230769230769231,3.6153846153846154,6.923076923076923,0.20967741935483872
ks,pottawatomie,197,48438,1.9714285714285715,3.4714285714285715,13.0,0.3684210526315789
ks,crawford,590,33475,1.826086956521739,3.5869565217391304,13.73913043478261,0.24210526315789474
ks,franklin,347,37003,1.8,3.6,8.4,0.5555555555555556
ks,clay,70,39251,1.8235294117647058,3.5,12.147058823529411,0.3617021276595745
ks,scott,2265,67443,1.6666666666666667,5.0,9.333333333333334,0.375
ks,pawnee,298,42814,1.8571428571428572,3.9642857142857144,6.214285714285714,0.2857142857142857
ks,grant,50,51243,2.0,4.15625,7.5,0.3404255319148936
ks,sherman,537,36625,1.8666666666666667,3.3833333333333333,12.1,0.24390243902439024
ks,comanche,438,38696,1.9333333333333333,3.8,4.2,0.3333333333333333
ks,jefferson,614,38324,1.9655172413793103,3.189655172413793,32.06896551724138,0.27358490566037735
ks,thomas,54,39719,1.6111111111111112,3.388888888888889,17.22222222222222,0.5294117647058824
ks,douglas,108,37883,1.9444444444444444,3.5416666666666665,14.61111111111111,0.3302752293577982
ks,gove,153,53858,1.4,4.0,11.4,0.7142857142857143
ks,cheyenne,194,42686,1.7142857142857142,3.6785714285714284,17.071428571428573,0.3888888888888889
ks,wabaunsee,521,45431,1.8709677419354838,3.629032258064516,14.35483870967742,0.28440366972477066
ks,smith,266,40583,1.6666666666666667,4.333333333333333,3.3333333333333335,0.23076923076923078
ks,morris,24,39588,2.0588235294117645,4.205882352941177,14.176470588235293,0.2361111111111111
ks,morton,439,38439,1.75,4.0625,5.5625,0.6956521739130435
ks,sumner,157,36574,1.8297872340425532,3.4148936170212765,10.936170212765957,0.30718954248366015
ks,greenwood,464,40168,2.0,3.466666666666667,6.266666666666667,0.32608695652173914
ks,johnson,63,63277,1.8888888888888888,3.6666666666666665,3.2222222222222223,0.75
ks,miami,545,41823,1.9411764705882353,3.052941176470588,28.894117647058824,0.2631578947368421
ks,clark,140,51097,1.9375,3.8125,8.125,0.5925925925925926
ks,stanton,182,55496,1.925531914893617,2.978723404255319,28.819148936170212,0.2618384401114206
ks,reno,1506,36148,1.925,3.2125,12.525,0.3125
ks,haskell,1950,74156,2.0,4.3125,8.5625,0.32
ks,graham,52,49814,1.75,3.96875,13.625,0.5
ks,mitchell,256,49249,1.78125,3.421875,10.59375,0.3137254901960784
ks,lincoln,188,36138,1.6666666666666667,4.333333333333333,13.333333333333334,0.6
ks,nemaha,153,50505,1.75,4.1875,6.9375,0.3076923076923077
ks,osage,242,36926,2.0416666666666665,3.3958333333333335,16.291666666666668,0.2376237623762376
ks,lane,226,79792,2.0,3.1875,4.875,0.5714285714285714
ks,labette,72,37052,2.0,2.1666666666666665,5.333333333333333,0.5
ks,kiowa,941,31897,2.0,3.625,2.75,0.4
ks,kingman,2906,41913,1.8666666666666667,3.6333333333333333,8.0,0.2777777777777778
ks,allen,174,36328,1.8823529411764706,3.514705882352941,15.705882352941176,0.3269230769230769
ks,harper,1333,44958,1.8043478260869565,3.380434782608696,9.565217391304348,0.3458646616541353
ks,leavenworth,36062,38217,2.142857142857143,3.357142857142857,10.0,0.7777777777777778
ks,hamilton,243,70366,1.9285714285714286,3.392857142857143,6.857142857142857,0.32558139534883723
ks,ford,217,32681,2.0,3.4642857142857144,10.642857142857142,0.7
ks,ellsworth,2999,38612,2.0,4.1,13.333333333333334,0.20833333333333334
ks,ellis,2029,47125,1.6470588235294117,3.4705882352941178,18.941176470588236,0.4473684210526316
ks,cherokee,709,32957,2.0,3.8333333333333335,7.666666666666667,0.5454545454545454
ks,atchison,10560,33996,1.8666666666666667,4.066666666666666,13.533333333333333,0.38461538461538464
ks,chase,436,41188,2.3333333333333335,3.3333333333333335,3.6666666666666665,0.6
ks,chautauqua,93,40592,2.2222222222222223,3.0,11.222222222222221,0.6428571428571429
ks,greeley,296,49392,2.0,3.1875,4.875,0.5714285714285714
ks,linn,385,32225,1.0,4.5,2.0,0.2
ks,jackson,451,36827,1.8235294117647058,3.6323529411764706,15.794117647058824,0.3333333333333333
ks,mcpherson,13077,47435,2.25,2.5,8.25,0.4444444444444444
ks,logan,542,46771,1.9230769230769231,3.8076923076923075,3.1538461538461537,0.6842105263157895
ks,washington,1062,43948,1.8888888888888888,4.166666666666667,9.11111111111111,0.28125
ks,wichita,389255,83074,1.90625,3.625,23.21875,0.3047619047619048
ks,wilson,736,39854,1.5714285714285714,3.7857142857142856,12.285714285714286,0.7
ks,wallace,59,51833,1.6666666666666667,3.75,16.555555555555557,0.46153846153846156
ks,shawnee,65845,41498,2.046511627906977,3.313953488372093,47.46511627906977,0.26380368098159507
ks,seward,63,36597,2.076923076923077,3.6538461538461537,6.3076923076923075,0.37142857142857144
ks,sedgwick,1641,50815,1.6666666666666667,2.9166666666666665,10.666666666666666,0.8571428571428571
ks,stafford,956,56581,2.0,3.357142857142857,5.428571428571429,0.5384615384615384
ks,riley,954,38338,1.9444444444444444,3.9722222222222223,16.5,0.4090909090909091
ks,russell,4463,52011,1.5,3.375,11.5,0.8
ks,meade,1565,55983,1.8666666666666667,3.966666666666667,8.6,0.3488372093023256
ks,norton,2768,41647,1.6666666666666667,4.5,3.6666666666666665,0.42857142857142855
ks,osborne,1291,42878,1.6,4.3,14.1,0.23255813953488372
ks,marion,1787,36386,1.8571428571428572,3.5714285714285716,5.571428571428571,0.875
ks,pratt,6630,45391,2.25,3.625,7.75,0.5714285714285714
ks,republic,108,44780,2.0,3.8333333333333335,3.8333333333333335,0.21428571428571427
ks,ottawa,12267,36310,2.2,2.7,4.8,0.5555555555555556
ky,hickman,2156,44746,1.8333333333333333,3.625,4.583333333333333,0.5
ky,union,5930,33296,2.0588235294117645,3.9705882352941178,19.352941176470587,0.2328767123287671
ky,morgan,2407,24605,1.9545454545454546,3.3863636363636362,6.681818181818182,0.22448979591836735
ky,martin,560,25670,1.75,2.75,5.75,0.6666666666666666
ky,marion,2872,31651,1.794871794871795,3.269230769230769,13.307692307692308,0.2392638036809816
ky,livingston,219,33691,1.6666666666666667,2.888888888888889,9.333333333333334,0.75
ky,jefferson,27997,44719,1.900990099009901,2.9702970297029703,24.08910891089109,0.28939828080229224
ky,jackson,1979,26195,1.7692307692307692,3.8846153846153846,10.384615384615385,0.4642857142857143
ky,henderson,28432,36154,2.0,3.4,16.066666666666666,0.3488372093023256
ky,russell,3245,31076,2.0,3.4375,7.4375,0.36363636363636365
ky,hardin,610,38575,2.0384615384615383,3.730769230769231,12.0,0.3170731707317073
ky,greenup,1116,36320,1.8571428571428572,3.4285714285714284,5.0,0.5833333333333334
ky,grayson,3944,30255,1.5,4.0,3.5,0.8
ky,fulton,2176,32758,2.0,2.5,4.0,0.2857142857142857
ky,franklin,8969,38667,1.8888888888888888,3.0,9.0,0.75
ky,cumberland,1967,30581,1.8,3.45,7.3,0.5263157894736842
ky,crittenden,3899,33019,2.027027027027027,3.135135135135135,25.16216216216216,0.37
ky,allen,176,28593,1.8,3.0,7.5,0.5882352941176471
ky,clinton,1263,29631,1.8571428571428572,3.4642857142857144,12.0,0.2876712328767123
ky,harlan,1531,27778,1.7142857142857142,3.5714285714285716,9.714285714285714,0.6363636363636364
ky,clay,1117,27255,1.8333333333333333,3.0,5.5,0.5454545454545454
ky,carlisle,1959,42485,1.7857142857142858,3.4642857142857144,17.5,0.3111111111111111
ky,butler,582,31131,1.9017857142857142,3.0982142857142856,21.267857142857142,0.3218390804597701
la,washington,929,30972,1.8863636363636365,3.4204545454545454,13.022727272727273,0.3076923076923077
la,lafayette,126143,53215,1.84,3.2,16.76,0.3246753246753247
la,livingston,1955,37337,2.046666666666667,3.37,72.51333333333334,0.24311183144246354
la,jackson,3725,32037,2.0,3.1785714285714284,9.892857142857142,0.2978723404255319
la,franklin,6786,27693,1.962962962962963,3.2222222222222223,12.555555555555555,0.23684210526315788
la,natchitoches,17831,33525,2.111111111111111,3.3333333333333335,9.37037037037037,0.3
ma,essex,3789,57540,2.21875,3.875,28.90625,0.36363636363636365
ma,plymouth,60803,56571,2.0833333333333335,3.4166666666666665,48.666666666666664,0.5
ma,norfolk,11988,77194,2.0588235294117645,2.9411764705882355,21.88235294117647,0.8095238095238095
ma,hampden,5220,44760,1.8125,3.28125,42.875,0.41025641025641024
ma,worcester,185877,49121,1.9444444444444444,3.0277777777777777,24.333333333333332,0.5625
ma,nantucket,11327,106895,2.6666666666666665,4.233333333333333,23.4,0.3488372093023256
md,baltimore,602495,53832,2.0,3.2246376811594204,61.710144927536234,0.32857142857142857
md,frederick,72146,53601,2.0,3.21875,23.3125,0.47058823529411764
md,somerset,1280,29709,2.1666666666666665,3.4583333333333335,49.666666666666664,0.631578947368421
me,york,13151,44437,2.16,3.76,33.3,0.3333333333333333
me,cumberland,8165,51659,2.081967213114754,3.7540983606557377,29.40983606557377,0.2837209302325581
me,franklin,1547,35108,2.0,3.5625,13.75,0.8
me,penobscot,1211,36425,1.6666666666666667,4.0,10.333333333333334,0.3333333333333333
me,hancock,2415,44349,2.121212121212121,4.121212121212121,32.303030303030305,0.375
me,oxford,4101,33163,2.0,2.6666666666666665,8.333333333333334,0.5
me,lincoln,4908,44159,1.9285714285714286,3.9285714285714284,8.785714285714286,0.22580645161290322
me,knox,792,42538,2.0344827586206895,3.956896551724138,14.793103448275861,0.29896907216494845
me,waldo,860,36097,1.9,4.25,12.4,0.7692307692307693
me,washington,1512,35752,2.189189189189189,4.04054054054054,14.41891891891892,0.275092936802974
mi,macomb,90758,40077,1.8235294117647058,3.411764705882353,17.941176470588236,0.25757575757575757
mi,iosco,3847,32125,1.95,3.9,6.45,0.2564102564102564
mi,clinton,3538,39611,1.9705882352941178,3.338235294117647,14.970588235294118,0.3695652173913043
mi,ingham,2524,35503,1.8313253012048192,3.0783132530120483,21.072289156626507,0.3333333333333333
mi,huron,416,40869,1.8181818181818181,3.3636363636363638,6.7272727272727275,0.27848101265822783
mi,schoolcraft,1798,34505,1.8823529411764706,3.4411764705882355,19.88235294117647,0.6296296296296297
mi,osceola,1841,31532,1.8484848484848484,3.5303030303030303,12.181818181818182,0.24444444444444444
mi,eaton,4132,36492,1.9054054054054055,3.2162162162162162,16.85135135135135,0.3274336283185841
mi,kalkaska,4897,31621,2.125,3.75,25.625,0.24242424242424243
mi,branch,1351,31693,2.6666666666666665,3.6666666666666665,5.0,0.375
mi,montcalm,3400,29737,1.9090909090909092,3.2,20.381818181818183,0.24553571428571427
mi,montmorency,1059,31075,2.076923076923077,3.769230769230769,12.846153846153847,0.208
mi,ogemaw,1180,30350,1.8888888888888888,3.388888888888889,7.75,0.24324324324324326
mi,ontonagon,2220,33752,1.9,3.95,7.5,0.7142857142857143
mi,livingston,2585,47921,1.9056603773584906,2.889937106918239,21.18867924528302,0.32515337423312884
mi,roscommon,4324,31989,2.0,2.5833333333333335,4.166666666666667,0.46153846153846156
mi,sanilac,2311,32829,1.8571428571428572,3.607142857142857,7.714285714285714,0.2028985507246377
mi,antrim,2095,39601,2.016949152542373,3.8559322033898304,22.322033898305083,0.28095238095238095
mi,shiawassee,2734,33682,1.87012987012987,3.1493506493506493,19.83116883116883,0.29844961240310075
mi,tuscola,1948,32892,1.8222222222222222,3.2111111111111112,18.177777777777777,0.2848101265822785
mi,wexford,1103,31465,1.9791666666666667,3.6458333333333335,19.4375,0.23076923076923078
mi,chippewa,211,29311,1.8958333333333333,3.8125,10.416666666666666,0.3116883116883117
mi,mecosta,2676,28828,4.0,2.5,2.0,0.16666666666666666
mi,presque isle,1575,33073,1.3636363636363635,4.090909090909091,6.181818181818182,0.6875
mi,barry,3495,39022,1.8850574712643677,3.0977011494252875,22.436781609195403,0.29194630872483224
mi,charlevoix,2499,43027,2.0,3.2857142857142856,9.714285714285714,0.5833333333333334
mi,berrien,5027,40046,1.9583333333333333,3.0833333333333335,21.927083333333332,0.294478527607362
mi,allegan,5034,38552,1.975,3.225,20.95,0.3007518796992481
mi,cheboygan,4712,33728,1.4,3.7,6.6,0.625
mi,gladwin,2887,30730,2.0,3.1,8.2,1.0
mi,hillsdale,8049,31050,1.6666666666666667,3.0,4.333333333333333,0.6
mi,houghton,7993,32322,2.111111111111111,3.6666666666666665,10.88888888888889,0.9
mi,ionia,10952,30260,2.0,2.9615384615384617,8.307692307692308,0.52
mi,jackson,32605,34054,1.8461538461538463,2.769230769230769,11.692307692307692,0.8666666666666667
mi,kalamazoo,76545,41547,2.0,3.5384615384615383,29.153846153846153,0.30952380952380953
mi,lapeer,8621,36820,1.6875,3.28125,8.875,0.37209302325581395
mi,manistee,6116,32946,1.7142857142857142,3.4285714285714284,11.428571428571429,0.7777777777777778
mi,marquette,20680,35194,2.0588235294117645,3.7941176470588234,15.705882352941176,0.5151515151515151
mi,alpena,9963,35078,1.2857142857142858,4.0,7.714285714285714,0.875
mi,menominee,8108,37545,2.0,3.1666666666666665,8.222222222222221,0.9
mi,mason,8458,35709,2.1333333333333333,3.6333333333333333,18.4,0.22727272727272727
mi,arenac,853,32089,1.9523809523809523,3.2738095238095237,9.714285714285714,0.28187919463087246
mi,lake,5847,27540,1.8620689655172413,3.4310344827586206,12.137931034482758,0.2265625
mi,alcona,913,32714,1.7333333333333334,4.166666666666667,7.8,0.21739130434782608
mi,wayne,16896,36914,1.7647058823529411,3.0294117647058822,36.705882352941174,0.9444444444444444
mi,st. joseph,8355,32629,2.2941176470588234,3.3823529411764706,28.705882352941178,0.53125
mi,baraga,3595,29722,2.0,3.5,6.8,1.0
mi,saginaw,48323,34086,1.6470588235294117,3.264705882352941,11.176470588235293,0.4473684210526316
mi,otsego,4002,36169,2.1666666666666665,3.9166666666666665,12.666666666666666,0.75
mi,newaygo,2058,32273,1.5,3.5,3.0,0.2857142857142857
mi,muskegon,37287,33447,2.066666666666667,3.1666666666666665,13.733333333333333,0.625
mi,monroe,19715,39996,1.5714285714285714,3.0714285714285716,11.571428571428571,0.7
mi,st. clair,5306,37646,2.3333333333333335,3.8333333333333335,24.333333333333332,0.6
mi,midland,41800,40836,2.2222222222222223,3.5555555555555554,16.444444444444443,0.9
mn,fillmore,478,41274,2.0,3.4634146341463414,9.975609756097562,0.2867132867132867
mn,douglas,755,47165,2.0588235294117645,4.117647058823529,13.823529411764707,0.2786885245901639
mn,crow wing,2092,39815,2.2,3.45,11.0,0.5882352941176471
mn,itasca,133,37927,2.3333333333333335,4.25,8.833333333333334,0.2
mn,lincoln,200,45516,1.9545454545454546,3.6818181818181817,9.454545454545455,0.17886178861788618
mn,benton,827,38515,1.8333333333333333,3.5166666666666666,8.166666666666666,0.2857142857142857
mn,big stone,268,49247,1.8181818181818181,3.5454545454545454,6.181818181818182,0.2682926829268293
mn,morrison,198,38188,1.7352941176470589,3.161764705882353,7.0,0.26356589147286824
mn,wright,126,43626,2.0,3.9444444444444446,8.444444444444445,0.14754098360655737
mn,clay,75,39771,1.9642857142857142,3.732142857142857,12.107142857142858,0.2641509433962264
mn,lake,2221,43372,2.0,4.366666666666666,12.2,0.234375
mn,hubbard,798,36535,2.260869565217391,3.9782608695652173,5.826086956521739,0.17164179104477612
mn,otter tail,491,43755,2.0,3.8275862068965516,7.379310344827586,0.2815533980582524
mn,kanabec,932,36612,1.6666666666666667,3.6666666666666665,7.555555555555555,0.1323529411764706
mn,lac qui parle,164,52937,1.4545454545454546,2.8181818181818183,5.181818181818182,0.39285714285714285
mn,washington,739,57716,2.1307692307692307,3.2115384615384617,32.253846153846155,0.28199566160520606
mn,murray,172,55025,1.8235294117647058,3.5294117647058822,7.764705882352941,0.32075471698113206
mn,traverse,340,52402,1.9333333333333333,3.3333333333333335,4.666666666666667,0.46875
mn,norman,257,39225,1.9285714285714286,3.5892857142857144,11.678571428571429,0.2978723404255319
mn,rock,177,51342,1.9696969696969697,3.5606060606060606,16.78787878787879,0.32673267326732675
mn,martin,379,48864,1.0,4.0,1.0,0.14285714285714285
mn,sibley,252,43743,2.075,3.1,14.025,0.29850746268656714
mn,scott,145,51927,2.1052631578947367,3.011278195488722,26.23308270676692,0.30504587155963303
mn,stevens,72,54452,1.9166666666666667,3.7916666666666665,6.833333333333333,0.24489795918367346
mn,todd,1438,37325,2.0,3.5294117647058822,7.5,0.23129251700680273
mn,waseca,8904,44837,1.8571428571428572,3.4642857142857144,5.357142857142857,0.5384615384615384
mn,winona,26813,43901,1.8,3.8333333333333335,11.4,0.3191489361702128
mn,wabasha,2477,43540,2.25,3.625,4.75,0.5714285714285714
mn,wadena,4094,35655,2.2,3.7,4.4,0.625
mn,aitkin,2001,35185,1.8,3.9,4.0,0.4
mn,anoka,17543,44544,2.1875,3.4375,15.875,0.5161290322580645
mn,becker,4912,42497,1.6666666666666667,2.9166666666666665,5.5,0.6666666666666666
mn,beltrami,102,36353,1.6923076923076923,4.269230769230769,7.0,0.2826086956521739
mn,blue earth,3133,41843,1.5555555555555556,3.5,6.222222222222222,1.0
mn,carlton,1039,37416,1.8,3.9,7.4,0.5
mn,carver,4960,62392,2.073529411764706,3.1838235294117645,55.35294117647059,0.3383084577114428
mn,cook,563,46912,1.7142857142857142,4.357142857142857,2.0,0.2692307692307692
mn,cottonwood,1245,45729,1.75,3.34375,5.5625,0.43243243243243246
mn,dakota,308,52542,2.0,3.8,21.933333333333334,0.3488372093023256
mn,faribault,23851,39312,2.0,3.05,4.0,0.8333333333333334
mn,freeborn,276,39340,1.7142857142857142,3.7857142857142856,10.142857142857142,0.5833333333333334
mn,goodhue,1178,47511,2.0254237288135593,3.2161016949152543,31.56779661016949,0.29280397022332505
mn,clearwater,1799,38105,1.75,2.875,11.416666666666666,0.8571428571428571
mn,houston,966,45395,1.8372093023255813,3.744186046511628,9.767441860465116,0.2986111111111111
mn,grant,4152,47075,2.2857142857142856,3.857142857142857,23.571428571428573,0.208955223880597
mn,rice,1377,38617,1.9444444444444444,3.7222222222222223,10.5,0.5142857142857142
mn,renville,1189,49426,1.6,2.5,7.2,0.45454545454545453
mn,ramsey,26928,47960,2.2142857142857144,3.0,14.214285714285714,0.6363636363636364
mn,pipestone,4021,54075,2.0,2.75,9.0,0.5714285714285714
mn,nicollet,1151,44555,1.6,2.9,12.2,0.5
mn,roseau,2660,42816,2.2,4.0,2.8,0.5
mn,mahnomen,1242,34463,2.111111111111111,3.888888888888889,6.666666666666667,0.21951219512195122
mn,le sueur,4019,42843,1.7142857142857142,3.0,6.571428571428571,0.3333333333333333
mn,kandiyohi,479,45733,2.0,3.2,3.2,0.8333333333333334
mn,jackson,3201,49921,1.8,2.9,7.6,0.8333333333333334
mn,isanti,5901,38327,1.8461538461538463,3.1153846153846154,7.3076923076923075,0.5416666666666666
mn,marshall,13530,45141,1.8333333333333333,3.0833333333333335,5.166666666666667,1.0
mo,osage,1714,42259,2.0833333333333335,4.291666666666667,19.833333333333332,0.18181818181818182
mo,howard,527,35953,2.032258064516129,3.5483870967741935,13.580645161290322,0.256198347107438
mo,washington,14055,26048,2.0,4.25,19.25,0.8
mo,sullivan,7108,42852,1.6666666666666667,2.75,9.166666666666666,0.8571428571428571
mo,st. louis,302838,61078,1.926605504587156,3.0458715596330275,42.61467889908257,0.32344213649851633
mo,st. charles,70764,46189,1.9215686274509804,2.950980392156863,26.11764705882353,0.35172413793103446
mo,st. clair,4698,28289,2.0,3.6315789473684212,17.42105263157895,0.475
mo,ray,28993,36379,1.91,3.115,32.33,0.27100271002710025
mo,perry,694,36259,1.5,5.0,1.5,0.2857142857142857
mo,ozark,20188,27850,1.8333333333333333,3.5,21.533333333333335,0.32608695652173914
mo,chariton,234,43074,1.9285714285714286,3.4642857142857144,17.5,0.3076923076923077
mo,ste. genevieve,4442,35322,1.9285714285714286,3.7142857142857144,8.142857142857142,0.5384615384615384
mo,harrison,81,33842,1.6666666666666667,2.5,8.0,0.5
mo,henry,222,38036,1.8461538461538463,3.6153846153846154,9.423076923076923,0.22413793103448276
mo,marion,222,36467,1.8125,2.96875,12.6875,0.8
mo,monroe,151,41250,1.6666666666666667,4.0,1.3333333333333333,0.42857142857142855
mo,dallas,328,29793,1.8518518518518519,3.175925925925926,10.981481481481481,0.2583732057416268
mo,polk,743,30573,1.5,4.5,2.5,0.3333333333333333
mo,clay,1325,43140,1.945945945945946,3.0135135135135136,31.0990990990991,0.2810126582278481
mo,cooper,1849,34347,1.8333333333333333,3.130952380952381,11.714285714285714,0.32558139534883723
mo,morgan,1431,37968,1.7,3.43,13.18,0.22522522522522523
mo,atchison,366,53154,1.6428571428571428,3.7142857142857144,8.928571428571429,0.2857142857142857
mo,nodaway,771,28986,1.875,3.6875,16.125,0.5714285714285714
mo,pike,3726,32905,1.7419354838709677,3.153225806451613,21.306451612903224,0.3522727272727273
mo,boone,316,42194,1.8709677419354838,3.3548387096774195,18.870967741935484,0.29245283018867924
mo,oregon,765,27034,1.7692307692307692,3.8076923076923075,12.307692307692308,0.6190476190476191
mo,cass,1233,40815,1.9313725490196079,3.0392156862745097,28.705882352941178,0.29651162790697677
mo,jefferson,502,36892,1.75,2.96875,12.75,0.8
mo,new madrid,2857,30964,1.7142857142857142,3.107142857142857,7.428571428571429,0.7
mo,carroll,1032,44693,1.9333333333333333,3.7666666666666666,8.866666666666667,0.20270270270270271
mo,mercer,304,38727,1.3333333333333333,4.0,3.6666666666666665,0.6
mo,miller,683,32258,2.0,4.071428571428571,4.285714285714286,0.5833333333333334
mo,benton,857,33046,1.8823529411764706,3.764705882352941,13.588235294117647,0.4722222222222222
mo,butler,4038,33838,1.9310344827586208,3.5689655172413794,10.379310344827585,0.3493975903614458
mo,camden,186,33069,2.142857142857143,3.7857142857142856,28.714285714285715,0.2028985507246377
mo,cape girardeau,39853,39642,1.7857142857142858,3.2857142857142856,11.071428571428571,0.7777777777777778
mo,clark,290,34319,1.8518518518518519,3.3703703703703702,12.74074074074074,0.30337078651685395
mo,franklin,95,38008,2.142857142857143,3.142857142857143,17.0,0.6363636363636364
mo,gasconade,214,34772,2.2,3.45,10.5,0.6666666666666666
mo,clinton,8947,39940,2.0,3.875,6.25,0.6666666666666666
mo,jackson,14994,40881,1.8125,3.40625,10.9375,0.8
mo,jasper,965,35333,1.9375,4.28125,12.8125,0.32653061224489793
mo,laclede,327,31349,2.0,3.5833333333333335,6.5,0.75
mo,lewis,515,33665,1.875,3.9375,14.4375,0.21621621621621623
mo,lincoln,1191,34561,1.6,3.2,3.6,0.5
mo,linn,1607,36069,1.816326530612245,3.438775510204082,13.693877551020408,0.28823529411764703
mo,macon,5355,35456,2.0,4.25,6.5,0.4
mo,madison,541,33844,1.6666666666666667,3.5833333333333335,4.833333333333333,0.4
mo,holt,475,46764,2.0,3.0,27.75,0.7272727272727273
ms,madison,25676,58444,2.0,2.8421052631578947,18.157894736842106,0.8636363636363636
ms,george,277,31656,1.872093023255814,3.1627906976744184,18.6046511627907,0.2792207792207792
ms,grenada,12466,31056,1.875,2.6875,5.5,0.8
ms,jackson,164422,34845,2.0285714285714285,3.085714285714286,22.428571428571427,0.3125
ms,coahoma,329,30204,1.5,3.125,13.25,0.5
ms,marion,1479,29193,1.85,3.475,15.25,0.7142857142857143
ms,jones,1121,37554,1.8461538461538463,3.423076923076923,8.384615384615385,0.20634920634920634
ms,pontotoc,6144,29277,2.066666666666667,3.8666666666666667,15.266666666666667,0.45454545454545453
ms,newton,3223,33198,2.0,3.0,6.5,0.5714285714285714
ms,tishomingo,331,29121,1.8333333333333333,3.5833333333333335,7.5,0.6
ms,tunica,916,30581,1.7407407407407407,2.759259259259259,20.037037037037038,0.34615384615384615
ms,union,1924,29254,1.9444444444444444,3.3333333333333335,12.333333333333334,0.2903225806451613
ms,sunflower,1007,26883,1.9090909090909092,2.272727272727273,6.2727272727272725,0.7333333333333333
ms,quitman,2111,24420,1.8421052631578947,3.6842105263157894,13.052631578947368,0.2602739726027397
ms,prentiss,952,27723,1.7586206896551724,3.293103448275862,9.344827586206897,0.24166666666666667
mt,deer lodge,2916,34245,1.9,3.55,15.033333333333333,0.38961038961038963
mt,missoula,74428,40858,1.8888888888888888,3.8055555555555554,35.833333333333336,0.32727272727272727
mt,sheridan,750,57613,2.0,4.666666666666667,10.666666666666666,0.6
mt,wibaux,625,46461,1.8666666666666667,3.6666666666666665,11.266666666666667,0.75
mt,cascade,685,41893,2.0,4.15,19.5,0.22727272727272727
nc,lenoir,17938,35597,1.6666666666666667,3.1666666666666665,4.0,0.6
nc,wilson,49329,36166,1.8,3.2,13.066666666666666,0.5555555555555556
nc,washington,9536,31729,1.7777777777777777,2.7777777777777777,7.333333333333333,0.8181818181818182
nc,rockingham,8776,33261,2.4,3.4,5.6,0.625
nc,madison,2118,29263,1.9444444444444444,3.077777777777778,15.222222222222221,0.30405405405405406
nc,macon,111,34734,1.6153846153846154,3.1923076923076925,9.615384615384615,0.5909090909090909
nc,jackson,461,28836,1.8888888888888888,3.0277777777777777,18.444444444444443,0.42857142857142855
nc,brunswick,971,36576,1.9275362318840579,3.0181159420289854,22.13768115942029,0.2593984962406015
nc,henderson,14936,37444,1.6,2.7,7.6,0.625
nc,halifax,207,31456,1.7857142857142858,2.857142857142857,16.714285714285715,0.4117647058823529
nc,beaufort,4391,37538,2.0714285714285716,3.6785714285714284,9.571428571428571,0.6363636363636364
nc,catawba,620,38414,1.864864864864865,3.2837837837837838,11.756756756756756,0.43023255813953487
nc,cleveland,881,32809,1.9411764705882353,3.5,15.941176470588236,0.4722222222222222
nc,columbus,995,29340,2.0,3.7,12.8,0.5
nc,davidson,12921,34484,2.0526315789473686,3.9473684210526314,15.368421052631579,0.2753623188405797
nc,durham,274291,43817,1.9764705882352942,3.1882352941176473,31.36470588235294,0.3231939163498099
nc,franklin,4042,31256,1.6666666666666667,3.5833333333333335,10.833333333333334,0.5454545454545454
nc,hertford,2113,28555,1.9230769230769231,2.8846153846153846,8.384615384615385,0.48148148148148145
nc,gaston,1030,36378,1.6428571428571428,2.75,15.928571428571429,0.7368421052631579
nc,graham,15086,29056,2.076923076923077,2.423076923076923,6.538461538461538,0.6842105263157895
nd,williams,15,102808,2.3076923076923075,3.5384615384615383,7.076923076923077,0.34210526315789475
nd,mercer,92,53664,2.0,3.0,1.5,0.4
nd,pembina,553,50471,2.0,3.0,2.5,0.5
nd,rolette,599,32024,2.125,3.4375,3.375,0.8
nd,steele,710,59264,2.0,3.5,8.0,0.375
nd,towner,535,43906,2.111111111111111,3.611111111111111,3.111111111111111,0.8181818181818182
nd,nelson,56,53320,1.8888888888888888,3.4444444444444446,4.333333333333333,0.391304347826087
nd,pierce,69,41871,2.25,3.75,2.5,0.8
nd,renville,31,55901,1.9444444444444444,3.888888888888889,8.055555555555555,0.6666666666666666
nd,richland,18,43573,1.9375,3.21875,6.625,0.37209302325581395
nd,oliver,10,46166,1.9230769230769231,3.8076923076923075,10.384615384615385,0.25
nd,wells,84,52036,1.7272727272727273,3.1363636363636362,3.6363636363636362,0.6470588235294118
nd,mchenry,54,49514,1.7,3.4,4.3,0.43478260869565216
nd,sargent,30,53801,1.8,3.35,2.6,0.5555555555555556
nd,grant,105,40458,1.8666666666666667,3.8333333333333335,12.4,0.3191489361702128
nd,mountrail,32,72079,2.3333333333333335,3.3333333333333335,6.5,0.46153846153846156
nd,burke,41,87338,2.3333333333333335,2.8333333333333335,3.0,0.42857142857142855
nd,sioux,155,26476,2.0,3.0,16.0,0.5
nd,sheridan,27,31196,2.0,4.0,1.0,0.6666666666666666
nd,ward,54,58394,1.9411764705882353,4.0,8.294117647058824,0.5483870967741935
nd,eddy,38,49167,1.7,3.4,4.3,0.45454545454545453
nd,divide,75,65769,2.5,2.625,3.0,0.4
nd,billings,12,94629,1.8888888888888888,3.9722222222222223,8.5,0.47368421052631576
nd,barnes,21,49276,1.9411764705882353,3.5294117647058822,16.352941176470587,0.3953488372093023
nd,morton,45,50815,1.9333333333333333,3.6333333333333333,13.666666666666666,0.3125
nd,ransom,52,43100,1.9230769230769231,4.153846153846154,7.384615384615385,0.22807017543859648
nd,mckenzie,99,81696,1.9333333333333333,3.8666666666666667,13.266666666666667,0.30612244897959184
nd,lamoure,896,51942,1.75,3.46875,4.5625,0.5161290322580645
nd,grand forks,56948,46131,1.8888888888888888,3.638888888888889,9.333333333333334,0.5454545454545454
nd,hettinger,1211,51356,1.8333333333333333,4.25,4.166666666666667,0.5
nd,adams,120,49203,2.0,3.7222222222222223,3.2222222222222223,0.391304347826087
nd,bottineau,2205,57358,2.125,3.4375,3.375,0.7272727272727273
nd,logan,37,53088,2.0555555555555554,3.6666666666666665,8.666666666666666,0.75
nd,cavalier,1264,59955,2.2,3.6,2.8,0.45454545454545453
nd,dickey,39,55428,1.7857142857142858,3.5357142857142856,4.857142857142857,0.5185185185185185
nd,golden valley,168,53894,2.1875,3.59375,6.5625,0.45714285714285713
nd,bowman,1608,67676,2.0,4.0,4.0,0.6
ne,franklin,942,42262,1.5,2.5,1.5,0.4
ne,grant,1131,57030,1.6363636363636365,2.8181818181818183,11.545454545454545,0.7333333333333333
ne,kearney,33761,84898,1.8333333333333333,3.6944444444444446,24.38888888888889,0.6923076923076923
ne,kimball,2360,45619,1.6666666666666667,3.3333333333333335,8.666666666666666,0.5
ne,lincoln,287401,46012,1.7272727272727273,3.196969696969697,21.0,0.44
ne,madison,2381,44682,1.8823529411764706,3.676470588235294,6.764705882352941,0.5
ne,pierce,1726,55980,1.6875,3.65625,6.25,0.48484848484848486
ne,seward,7220,45424,1.75,3.25,3.75,0.8
ne,valley,2845,42877,1.7352941176470589,3.264705882352941,16.705882352941178,0.34
ne,wayne,5622,42017,1.7647058823529411,3.7941176470588234,6.823529411764706,0.29310344827586204
ne,blaine,193,76590,1.5,3.875,6.25,0.4444444444444444
ne,logan,71,52193,1.625,3.75,25.75,0.45714285714285713
ne,platte,165,45694,1.6923076923076923,3.4615384615384617,31.615384615384617,0.6842105263157895
ne,richardson,401,45607,1.6666666666666667,4.0,9.2,0.35714285714285715
ne,sheridan,81,48447,1.3333333333333333,3.375,5.916666666666667,0.5714285714285714
ne,cuming,233,76262,1.8235294117647058,4.0,7.9411764705882355,0.25757575757575757
ne,stanton,1511,42472,1.8235294117647058,3.764705882352941,6.705882352941177,0.3090909090909091
ne,york,7866,45992,1.7,3.35,12.3,0.8333333333333334
ne,webster,868,46771,1.8571428571428572,4.107142857142857,15.357142857142858,0.25925925925925924
ne,thayer,130,52541,1.7142857142857142,3.3214285714285716,9.857142857142858,0.7368421052631579
ne,dawes,352,36465,1.3333333333333333,3.2777777777777777,6.555555555555555,0.6
ne,douglas,202,57890,1.7352941176470589,3.0588235294117645,15.529411764705882,0.425
ne,butler,619,45842,1.7741935483870968,3.5,12.580645161290322,0.26495726495726496
ne,cedar,61,55188,1.7647058823529411,3.911764705882353,5.647058823529412,0.3269230769230769
ne,garfield,225,49578,1.8,3.35,5.3,0.8333333333333334
ne,nemaha,567,46991,1.6923076923076923,3.8461538461538463,8.846153846153847,0.34210526315789475
ne,jefferson,112,47692,1.9,4.15,7.0,0.29411764705882354
ne,adams,912,45289,1.8888888888888888,3.111111111111111,10.555555555555555,0.75
ne,washington,117,50337,2.0,3.6,26.733333333333334,0.46875
ne,antelope,205,53502,1.6666666666666667,3.7222222222222223,5.333333333333333,0.6
ne,hamilton,118,49510,1.75,3.96875,13.0,0.23880597014925373
ne,hayes,27,67864,1.7692307692307692,3.576923076923077,25.76923076923077,0.2653061224489796
ne,custer,103,50971,1.6363636363636365,3.6818181818181817,8.818181818181818,0.6470588235294118
ne,sherman,530,42473,1.78125,3.453125,14.65625,0.4266666666666667
ne,holt,439,54408,1.75,3.375,4.083333333333333,0.5454545454545454
ne,loup,130,63956,1.8888888888888888,4.277777777777778,17.555555555555557,0.2571428571428571
nh,sullivan,675,45755,2.0,3.7142857142857144,20.571428571428573,0.7777777777777778
nh,carroll,742,50020,2.0,4.21875,37.0,0.6153846153846154
nh,grafton,1336,52320,1.9696969696969697,3.6666666666666665,16.12121212121212,0.4177215189873418
nh,merrimack,25969,51831,2.1176470588235294,3.4411764705882355,44.64705882352941,0.40476190476190477
nh,hillsborough,5992,53343,1.9411764705882353,4.0588235294117645,16.470588235294116,0.3269230769230769
nh,strafford,4186,43174,1.9090909090909092,3.757575757575758,23.21212121212121,0.34375
nj,warren,15745,49188,1.894736842105263,2.8421052631578947,39.526315789473685,0.8260869565217391
nj,ocean,26708,44949,2.176470588235294,3.6470588235294117,67.94117647058823,0.2698412698412698
nj,union,5525,59230,2.0,3.15,64.3,0.38461538461538464
nj,salem,4747,43087,2.0,3.09375,31.854166666666668,0.2981366459627329
nj,burlington,9884,53760,2.2,2.65,13.1,0.5555555555555556
nj,morris,19145,84260,2.056497175141243,3.389830508474576,51.47457627118644,0.0931578947368421
nj,cape may,3448,51473,2.189873417721519,3.5253164556962027,21.050632911392405,0.30859375
nj,camden,73973,46905,2.3684210526315788,3.4078947368421053,150.47368421052633,0.2992125984251969
nj,passaic,69948,45746,2.0,3.25,30.125,0.6666666666666666
nj,gloucester,63884,47392,1.9642857142857142,2.7857142857142856,42.357142857142854,0.2641509433962264
nm,bernalillo,10105,38593,2.1666666666666665,2.8333333333333335,51.833333333333336,0.75
nm,santa fe,84612,50557,2.2058823529411766,3.7941176470588234,91.47058823529412,0.3541666666666667
nm,socorro,8407,31804,1.5,2.75,14.375,0.8888888888888888
nm,taos,5971,33342,2.142857142857143,3.9642857142857144,52.07142857142857,0.3783783783783784
nv,carson city,55414,42537,1.8148148148148149,3.0925925925925926,121.85185185185185,0.2924187725631769
nv,elko,20341,42169,1.7894736842105263,3.6842105263157894,52.94736842105263,0.5757575757575758
ny,lewis,1306,41061,2.25,3.6875,14.25,0.8888888888888888
ny,putnam,576,57163,2.0596026490066226,3.314569536423841,35.675496688741724,0.2062841530054645
ny,herkimer,9677,36386,2.0588235294117645,4.147058823529412,15.588235294117647,0.27419354838709675
ny,columbia,1517,48801,1.9411764705882353,3.7058823529411766,9.470588235294118,0.85
ny,essex,636,39500,2.1052631578947367,3.6052631578947367,21.31578947368421,0.9047619047619048
ny,washington,4613,35304,2.125,3.25,15.875,0.6666666666666666
ny,tompkins,1148,39067,1.75,4.333333333333333,8.5,0.3
ny,franklin,2257,33508,1.8333333333333333,3.8333333333333335,14.583333333333334,0.3076923076923077
ny,livingston,3473,36686,2.5454545454545454,4.0,27.363636363636363,0.2558139534883721
ny,clinton,710,38463,1.6666666666666667,3.0,11.333333333333334,0.5454545454545454
ny,greene,5084,41786,1.9636363636363636,3.481818181818182,15.163636363636364,0.24444444444444444
ny,chemung,2462,39502,1.8888888888888888,3.8333333333333335,11.222222222222221,0.6428571428571429
ny,schuyler,3329,38118,1.8125,3.15625,17.4375,0.7619047619047619
ny,chautauqua,4256,36101,2.6666666666666665,3.6666666666666665,9.666666666666666,0.42857142857142855
ny,chenango,10596,36583,2.1176470588235294,3.6176470588235294,20.235294117647058,0.4473684210526316
ny,schenectady,65575,45851,1.8823529411764706,3.25,23.323529411764707,0.3541666666666667
ny,rensselaer,9212,42725,2.0,3.5555555555555554,39.55555555555556,0.46153846153846156
ny,oswego,17337,34968,1.8333333333333333,3.5,6.583333333333333,0.6666666666666666
ny,oneida,10912,38764,1.8,3.2,22.2,0.625
ny,new york,8398748,151128,2.2934782608695654,3.5,152.45652173913044,0.13142857142857142
ny,fulton,11243,36869,1.9130434782608696,3.4782608695652173,18.347826086956523,0.35658914728682173
ny,ontario,10088,45771,2.0,3.625,8.5,0.5714285714285714
ny,cortland,18713,35030,1.7272727272727273,2.590909090909091,9.818181818181818,0.7857142857142857
ny,albany,97279,53791,2.0285714285714285,3.2857142857142856,35.17142857142857,0.3211009174311927
ny,allegany,7597,31518,1.6666666666666667,3.3333333333333335,8.333333333333334,0.6
ny,warren,1094,45095,1.875,3.78125,9.5,0.8
ny,genesee,1608,39185,1.9166666666666667,3.6041666666666665,7.875,0.22857142857142856
ny,hamilton,6443,46724,2.0,3.75,9.5,0.2222222222222222
ny,orleans,2731,34128,2.04,3.56,10.28,0.30864197530864196
ny,ulster,12593,42913,2.2857142857142856,4.0,32.07142857142857,0.25925925925925924
ny,tioga,4690,41958,1.9,3.7,10.1,0.5555555555555556
ny,rockland,3678,53434,2.102409638554217,3.4879518072289155,56.10843373493976,0.08736842105263158
ny,delaware,2579,34602,1.875,4.0625,14.375,0.5
ny,wayne,988,39367,2.1818181818181817,4.0,11.181818181818182,0.4782608695652174
ny,jefferson,1421,42753,2.0,4.166666666666667,10.333333333333334,0.6
ny,broome,989,38276,1.9838709677419355,3.693548387096774,15.741935483870968,0.26956521739130435
ny,saratoga,5725,55809,2.2777777777777777,4.166666666666667,36.44444444444444,0.33962264150943394
ny,orange,50092,45306,2.1139240506329116,3.329113924050633,41.164556962025316,0.1835075493612079
ny,nassau,4783,75376,1.9473684210526316,3.5,27.210526315789473,0.6129032258064516
ny,schoharie,3002,34651,1.5714285714285714,2.642857142857143,8.142857142857142,0.875
ny,yates,2419,35437,1.25,3.25,16.75,0.5714285714285714
ny,madison,2900,38109,2.0,3.75,9.5,0.2857142857142857
ny,otsego,3717,37645,2.24,3.6,16.16,0.3246753246753247
ny,sullivan,15149,38880,2.0,3.638888888888889,28.37037037037037,0.2465753424657534
ny,niagara,8005,39110,1.853658536585366,3.231707317073171,53.4390243902439,0.23563218390804597
ny,onondaga,22554,45252,2.0588235294117645,4.088235294117647,30.11764705882353,0.2328767123287671
ny,steuben,1127,39559,1.9803921568627452,3.676470588235294,17.235294117647058,0.24056603773584906
ny,seneca,2683,34271,1.9444444444444444,3.361111111111111,22.77777777777778,0.6666666666666666
ny,monroe,19791,45897,2.0,2.4,16.8,0.7142857142857143
ny,montgomery,24022,36597,2.0,3.3666666666666667,22.733333333333334,0.39473684210526316
ny,richmond,3246,48150,2.066666666666667,4.033333333333333,20.066666666666666,0.22727272727272727
oh,scioto,3543,33430,1.9642857142857142,3.3035714285714284,11.25,0.2692307692307692
oh,tuscarawas,1849,38918,2.0,3.9375,5.125,0.5714285714285714
oh,highland,2286,31379,2.066666666666667,3.3333333333333335,58.3,0.33707865168539325
oh,allen,1085,36813,1.967741935483871,3.2096774193548385,8.0,0.3163265306122449
oh,hocking,4833,32511,1.941747572815534,2.995145631067961,25.466019417475728,0.28851540616246496
oh,crawford,1853,34696,2.125,3.59375,11.125,0.41025641025641024
oh,adams,1073,30254,1.8275862068965518,3.1724137931034484,8.482758620689655,0.25892857142857145
oh,butler,3448,40702,2.0,3.35,17.6,0.5882352941176471
oh,miami,42554,41460,2.2857142857142856,3.2142857142857144,12.142857142857142,0.6363636363636364
oh,brown,7482,31949,1.97979797979798,3.1363636363636362,26.21212121212121,0.3103448275862069
oh,clinton,4102,38592,1.8235294117647058,3.8823529411764706,18.470588235294116,0.4594594594594595
oh,ross,8885,32677,1.9175257731958764,3.020618556701031,28.68041237113402,0.3527272727272727
oh,knox,4201,38388,1.9831932773109244,3.2478991596638656,17.54621848739496,0.28883495145631066
oh,fulton,3210,39673,2.0,3.8214285714285716,10.714285714285714,0.27450980392156865
oh,ottawa,7764,44317,2.0555555555555554,3.75,10.277777777777779,0.5
oh,fayette,8859,33952,2.0,4.125,9.0,0.5714285714285714
oh,lawrence,2473,33507,1.9444444444444444,4.055555555555555,20.333333333333332,0.4186046511627907
oh,licking,4899,40333,1.982608695652174,3.2043478260869565,22.47826086956522,0.28255528255528256
oh,seneca,447,34204,1.9772727272727273,3.2329545454545454,13.886363636363637,0.27848101265822783
oh,summit,610,45112,1.9214285714285715,3.15,27.12857142857143,0.30303030303030304
oh,muskingum,4538,36560,1.9038461538461537,3.5288461538461537,10.557692307692308,0.2810810810810811
oh,carroll,2100,35185,1.9589041095890412,2.780821917808219,24.21917808219178,0.32158590308370044
oh,erie,1202,57133,2.0,3.1267605633802815,17.929577464788732,0.285140562248996
oh,paulding,3839,36922,1.8571428571428572,3.5714285714285716,5.285714285714286,0.6363636363636364
oh,pickaway,2112,36123,2.0,3.0,23.96638655462185,0.31070496083550914
oh,greene,965,43515,1.8717948717948718,3.0384615384615383,21.993589743589745,0.325678496868476
oh,vinton,538,29491,1.7,2.85,6.4,0.5882352941176471
oh,henry,4321,39851,1.901639344262295,3.2704918032786887,12.0,0.34269662921348315
oh,portage,710,39111,2.5,3.5833333333333335,12.5,0.8571428571428571
oh,pike,4115,32934,1.8518518518518519,3.2222222222222223,7.925925925925926,0.23076923076923078
oh,holmes,1262,36069,1.9550561797752808,3.5168539325842696,12.775280898876405,0.3079584775086505
oh,washington,1858,37943,1.85,3.225,13.5,0.9523809523809523
oh,marion,36087,32292,1.6,3.2,6.8,0.7142857142857143
oh,lorain,64028,40458,1.875,3.21875,17.125,0.6956521739130435
oh,logan,7050,37574,2.1666666666666665,3.8333333333333335,26.666666666666668,0.21428571428571427
oh,jackson,6242,32512,1.6666666666666667,1.5,4.0,0.6
oh,clark,3030,36077,1.9090909090909092,3.0727272727272728,20.509090909090908,0.32673267326732675
oh,harrison,11608,34136,2.19672131147541,3.2540983606557377,23.852459016393443,0.2932692307692308
oh,hamilton,62174,51996,1.90625,3.09375,16.71875,0.367816091954023
oh,franklin,11686,45894,1.9375,3.84375,11.875,0.3018867924528302
oh,fairfield,42613,40094,2.111111111111111,3.5555555555555554,19.333333333333332,0.375
oh,delaware,39930,63042,2.0,3.735294117647059,18.88235294117647,0.6296296296296297
oh,defiance,16663,37310,1.7833333333333334,3.091666666666667,13.033333333333333,0.29411764705882354
oh,coshocton,11054,32279,2.3333333333333335,3.6666666666666665,5.0,0.6
oh,ashtabula,18079,34087,1.75,3.5833333333333335,12.083333333333334,0.46153846153846156
oh,athens,24688,30284,1.8,2.9,18.2,0.7142857142857143
oh,columbiana,6231,34446,1.8,3.4833333333333334,13.0,0.3191489361702128
oh,medina,26072,47712,1.75,3.1875,8.25,0.7272727272727273
oh,monroe,13887,29895,1.75,3.1666666666666665,11.833333333333334,0.75
oh,huron,6893,36022,1.9375,3.28125,19.625,0.38095238095238093
oh,sandusky,24714,36561,2.125,3.125,36.4375,0.4
oh,noble,1704,24020,1.836734693877551,3.561224489795918,11.816326530612244,0.3602941176470588
oh,montgomery,10805,41017,1.9473684210526316,3.789473684210526,21.68421052631579,0.2714285714285714
oh,morgan,2097,29734,1.975,3.4375,13.625,0.272108843537415
oh,lake,725,44891,1.9154929577464788,3.23943661971831,30.47887323943662,0.3008474576271186
oh,richland,6123,35138,2.05,3.5,10.733333333333333,0.27522935779816515
oh,perry,3407,32356,1.9375,3.75,16.0625,0.5714285714285714
oh,auglaize,2657,42446,1.9655172413793103,3.2758620689655173,8.310344827586206,0.23577235772357724
oh,trumbull,1353,35997,1.836734693877551,3.2806122448979593,14.0,0.29080118694362017
oh,meigs,3780,30516,1.8275862068965518,3.5172413793103448,17.93103448275862,0.26851851851851855
oh,ashland,20423,34388,2.0,3.2,6.2,0.8333333333333334
oh,jefferson,1011,34487,1.8333333333333333,3.25,11.833333333333334,0.5
oh,warren,38382,50919,1.9411764705882353,3.7941176470588234,14.117647058823529,0.53125
oh,van wert,10680,37490,1.7872340425531914,3.095744680851064,9.553191489361701,0.3381294964028777
oh,union,6783,44855,1.8421052631578947,2.973684210526316,20.05263157894737,0.6785714285714286
oh,shelby,9030,40925,1.8888888888888888,3.5,10.5,0.46153846153846156
oh,wayne,1296,38859,2.7142857142857144,3.5714285714285716,11.142857142857142,0.7777777777777778
ok,muskogee,37402,33556,1.6363636363636365,2.727272727272727,9.727272727272727,0.6875
ok,noble,6874,42917,1.9444444444444444,3.5277777777777777,22.166666666666668,0.5625
ok,nowata,3612,34347,1.8888888888888888,3.4444444444444446,11.222222222222221,0.5625
ok,okmulgee,11795,31883,1.8,2.3,3.8,1.0
ok,osage,155,34574,1.9714285714285715,3.085714285714286,17.67142857142857,0.30303030303030304
ok,tulsa,400669,71431,1.98,3.17,19.8,0.30303030303030304
ok,pittsburg,196,34939,1.6666666666666667,3.6333333333333333,10.866666666666667,0.3409090909090909
ok,seminole,7172,34254,2.0,4.0,9.0,0.2
ok,wagoner,9061,36245,1.6666666666666667,4.333333333333333,3.3333333333333335,0.42857142857142855
ok,washington,659,56275,1.875,3.34375,17.75,0.64
ok,woodward,12162,51653,2.0,2.9285714285714284,5.714285714285714,0.4666666666666667
ok,pawnee,2117,34000,1.9333333333333333,3.65,9.633333333333333,0.24193548387096775
ok,mccurtain,504,30316,1.8275862068965518,3.4310344827586206,11.344827586206897,0.25
ok,marshall,299,31123,1.9285714285714286,3.4642857142857144,6.214285714285714,0.3783783783783784
ok,kiowa,675,36218,1.6875,3.46875,10.8125,0.3137254901960784
ok,beaver,1404,54140,1.6,3.2,8.2,0.5882352941176471
ok,atoka,3131,29639,1.3333333333333333,4.0,4.0,0.42857142857142855
ok,adair,818,26217,1.75,3.3333333333333335,6.083333333333333,0.3076923076923077
ok,le flore,176,31273,1.875,3.3541666666666665,8.25,0.24489795918367346
ok,caddo,1082,33574,2.0,3.1,13.6,0.5555555555555556
ok,canadian,205,43656,1.6875,3.875,12.375,0.22535211267605634
ok,carter,239,42438,1.75,3.125,13.5,0.5714285714285714
ok,cherokee,1507,29129,1.9166666666666667,3.8333333333333335,4.583333333333333,0.2926829268292683
ok,choctaw,12624,30261,1.8846153846153846,3.1474358974358974,19.307692307692307,0.2878228782287823
ok,cleveland,3148,42448,1.7857142857142858,3.25,5.928571428571429,0.6666666666666666
ok,comanche,1567,37682,1.5,2.125,3.25,0.8
ok,delaware,404,29398,1.9090909090909092,3.272727272727273,9.909090909090908,0.5789473684210527
ok,dewey,3406,44761,2.0,3.25,12.5,0.6666666666666666
ok,garvin,254,38125,1.8888888888888888,3.111111111111111,7.0,0.5294117647058824
ok,haskell,1923,34161,1.9574468085106382,3.1595744680851063,18.5531914893617,0.3357142857142857
ok,jefferson,8,35341,1.8076923076923077,3.423076923076923,6.038461538461538,0.28888888888888886
ok,kingfisher,4924,46789,1.9230769230769231,3.4615384615384617,14.615384615384615,0.25
or,yamhill,1172,37891,2.064516129032258,3.5161290322580645,39.03225806451613,0.3229166666666667
or,wheeler,437,33404,1.8571428571428572,4.071428571428571,34.57142857142857,0.7777777777777778
or,wallowa,817,40506,2.111111111111111,3.3333333333333335,9.777777777777779,0.75
or,union,2212,35343,1.4,3.9,16.2,0.8333333333333334
or,umatilla,7171,33773,2.0833333333333335,2.6666666666666665,11.333333333333334,0.8
or,tillamook,5311,37857,2.0,2.875,47.75,0.5714285714285714
or,jefferson,3366,29736,1.4,3.15,29.6,0.6666666666666666
or,hood river,7806,44061,2.142857142857143,4.035714285714286,62.142857142857146,0.6363636363636364
or,wasco,393,38229,1.75,4.25,28.5,0.8888888888888888
pa,crawford,929,36513,1.9137931034482758,3.3017241379310347,12.862068965517242,0.29591836734693877
pa,lawrence,7561,38684,2.0,3.4107142857142856,33.785714285714285,0.4307692307692308
pa,clarion,3909,37115,1.5714285714285714,3.5,12.857142857142858,0.7777777777777778
pa,schuylkill,8641,36707,1.881578947368421,3.1907894736842106,25.13157894736842,0.27787934186471663
pa,elk,1703,42356,1.8478260869565217,3.847826086956522,11.717391304347826,0.36507936507936506
pa,venango,831,37164,1.9333333333333333,3.6666666666666665,17.066666666666666,0.29411764705882354
pa,susquehanna,1859,38806,1.75,3.75,5.0,0.4444444444444444
pa,cambria,5738,37901,1.825,3.775,11.85,0.23391812865497075
pa,mercer,1068,36836,1.8333333333333333,3.375,9.416666666666666,0.75
pa,clinton,2795,35673,1.9166666666666667,2.8333333333333335,37.166666666666664,0.8571428571428571
pa,lehigh,486,46517,1.9874213836477987,3.4150943396226414,29.91823899371069,0.2056921086675291
pa,montour,1295,49530,1.8484848484848484,3.4242424242424243,17.151515151515152,0.38372093023255816
pa,tioga,954,36578,1.75,3.375,5.0,0.5
pa,luzerne,5903,39311,1.75,3.125,24.5,0.8
pa,montgomery,6222,69983,1.8125,3.78125,14.75,0.48484848484848486
pa,carbon,370,42613,1.9568345323741008,3.1906474820143886,28.035971223021583,0.30217391304347824
pa,armstrong,2854,40751,1.9433962264150944,3.443396226415094,27.08490566037736,0.3028571428571429
pa,delaware,1552,55959,2.0526315789473686,3.0676691729323307,49.37593984962406,0.2942477876106195
pa,fayette,3587,37370,1.9682539682539681,3.2817460317460316,25.626984126984127,0.30656934306569344
pa,clearfield,2561,38657,1.625,4.0,15.0,0.8888888888888888
pa,fulton,3181,37895,1.8611111111111112,3.326388888888889,20.11111111111111,0.2696629213483146
pa,somerset,12184,36771,1.4285714285714286,3.607142857142857,12.0,0.875
pa,sullivan,1455,41880,1.8545454545454545,3.536363636363636,12.672727272727272,0.2777777777777778
pa,mckean,4347,41117,2.0588235294117645,3.2941176470588234,26.529411764705884,0.6538461538461539
pa,northampton,39231,46336,1.7647058823529411,2.764705882352941,24.470588235294116,0.8947368421052632
pa,lebanon,25902,41174,1.6666666666666667,2.9583333333333335,14.5,0.3076923076923077
pa,blair,4502,39921,1.8412698412698412,3.4365079365079363,15.603174603174603,0.3165829145728643
pa,bradford,8280,37530,2.0,3.357142857142857,5.428571428571429,0.7777777777777778
pa,columbia,1164,36304,1.75,3.375,21.25,0.8
pa,beaver,970,41977,1.75,3.5,11.5,0.6666666666666666
pa,adams,1847,43154,1.9478260869565218,3.291304347826087,23.652173913043477,0.34124629080118696
pa,butler,12993,50199,2.076923076923077,2.9615384615384617,14.153846153846153,0.7647058823529411
pa,chester,33909,72118,1.7857142857142858,2.642857142857143,51.42857142857143,0.4666666666666667
pa,erie,96471,39260,2.1176470588235294,3.676470588235294,25.647058823529413,0.3333333333333333
pa,lancaster,59420,44259,2.235294117647059,3.735294117647059,53.88235294117647,0.2698412698412698
pa,mifflin,912,34289,1.6153846153846154,3.0,7.230769230769231,0.5909090909090909
pa,philadelphia,1584138,49341,2.0326797385620914,2.8529411764705883,63.39869281045752,0.3135245901639344
pa,union,9835,35578,1.8076923076923077,3.548076923076923,13.711538461538462,0.25870646766169153
pa,warren,9124,41523,2.0,3.5,9.0,0.8333333333333334
pa,washington,13508,50489,2.0,3.25,14.666666666666666,0.8571428571428571
pa,franklin,6078,40966,1.7142857142857142,3.75,11.142857142857142,0.35
pa,cumberland,6256,48865,1.822695035460993,3.202127659574468,22.76595744680851,0.32413793103448274
pa,allegheny,6536,52606,1.967741935483871,3.4153225806451615,28.451612903225808,0.30317848410757947
pa,york,44118,42911,2.111111111111111,3.361111111111111,17.27777777777778,0.5625
pa,centre,4255,41373,1.9111111111111112,3.6777777777777776,16.8,0.2710843373493976
pa,juniata,941,36266,1.5,2.25,22.0,0.3333333333333333
pa,jefferson,2050,38678,2.2,3.0,6.0,0.5
pa,potter,568,35073,1.9285714285714286,3.6785714285714284,9.785714285714286,0.23931623931623933
pa,greene,2369,41836,2.008771929824561,3.3333333333333335,29.07017543859649,0.3114754098360656
pa,wayne,1123,36740,2.1578947368421053,3.4473684210526314,47.89473684210526,0.4222222222222222
pa,perry,331,38499,1.894736842105263,3.236842105263158,21.39097744360902,0.30787037037037035
pa,bedford,5172,36009,1.4285714285714286,3.2142857142857144,33.285714285714285,1.0
pa,indiana,7168,35033,2.2,3.4,7.0,0.7142857142857143
ri,newport,24590,58825,2.3703703703703702,3.611111111111111,75.66666666666667,0.28421052631578947
ri,providence,179335,42740,2.3125,3.28125,96.4375,0.36363636363636365
ri,bristol,22131,66397,2.6666666666666665,1.8333333333333333,12.333333333333334,0.6666666666666666
sc,lancaster,9175,37351,2.0625,3.59375,18.6875,0.22857142857142856
sc,laurens,8846,30681,1.8,3.3,6.4,0.7142857142857143
sc,lexington,21737,40433,1.8518518518518519,3.074074074074074,19.814814814814813,0.29347826086956524
sc,mccormick,2346,30467,1.6666666666666667,3.0,5.333333333333333,0.631578947368421
sc,marion,6427,27284,1.7058823529411764,3.588235294117647,35.470588235294116,0.3953488372093023
sc,newberry,10337,33748,1.75,3.25,8.25,0.6666666666666666
sc,sumter,39656,34425,2.0,2.8636363636363638,11.545454545454545,0.6470588235294118
sc,saluda,3632,30675,1.8266666666666667,3.02,13.826666666666666,0.2840909090909091
sc,spartanburg,37644,38173,2.0625,3.375,14.9375,0.43243243243243246
sc,union,7764,29080,2.1333333333333333,3.533333333333333,13.533333333333333,0.375
sc,york,8235,39488,1.855263157894737,3.125,26.157894736842106,0.29457364341085274
sc,orangeburg,12903,29671,1.8,2.6,10.333333333333334,0.6
sc,pickens,3164,33246,1.8461538461538463,3.269230769230769,13.461538461538462,0.28888888888888886
sc,greenwood,23407,33035,2.0,3.25,7.666666666666667,0.5454545454545454
sc,allendale,2979,26617,2.0,3.064814814814815,17.38888888888889,0.24107142857142858
sc,hampton,2531,27252,1.7333333333333334,3.2333333333333334,24.466666666666665,0.5769230769230769
sc,aiken,30778,36900,1.9444444444444444,3.0,10.38888888888889,0.75
sc,anderson,27380,34814,2.0,3.642857142857143,13.071428571428571,0.3783783783783784
sc,bamberg,3237,30041,1.8,2.7583333333333333,13.933333333333334,0.3191489361702128
sc,barnwell,4367,29978,1.9375,3.03125,10.375,0.6666666666666666
sc,beaufort,13357,48552,2.1052631578947367,3.526315789473684,20.736842105263158,0.76
sc,charleston,136208,50970,2.338709677419355,3.435483870967742,57.193548387096776,0.2897196261682243
sc,abbeville,5043,29583,1.6428571428571428,3.142857142857143,6.5,0.5833333333333334
sc,chesterfield,1420,26476,2.375,3.3125,4.5,0.4444444444444444
sc,darlington,5928,32571,1.6875,2.53125,26.3125,0.6666666666666666
sc,dillon,6367,24259,1.5454545454545454,2.409090909090909,39.45454545454545,0.7333333333333333
sc,edgefield,4769,30301,1.9714285714285715,3.0714285714285716,16.314285714285713,0.3211009174311927
sc,florence,37625,36050,1.8823529411764706,3.8823529411764706,28.176470588235293,0.3148148148148148
sc,george,8779,39576,2.2,2.1,6.6,0.625
sc,greenville,68563,42283,1.8620689655172413,3.3448275862068964,23.655172413793103,0.29292929292929293
sc,chester,5393,29578,1.5,2.4166666666666665,4.666666666666667,0.6666666666666666
sd,jones,65,55988,1.6,3.8666666666666667,9.333333333333334,0.5172413793103449
sd,hamlin,247,37292,1.8125,3.4375,5.625,0.45714285714285713
sd,campbell,17,48335,2.0,3.875,5.5,0.4444444444444444
sd,hanson,277,64369,1.6875,3.84375,10.6875,0.5
sd,turner,182,56665,1.8235294117647058,3.6323529411764706,17.294117647058822,0.35051546391752575
sd,miner,33,39964,1.8666666666666667,3.933333333333333,8.066666666666666,0.375
sd,sully,22,79150,1.8666666666666667,3.8333333333333335,4.666666666666667,0.6521739130434783
sd,spink,252,54583,1.3333333333333333,4.166666666666667,4.0,0.5
sd,day,92,43932,1.75,3.6666666666666665,4.666666666666667,0.35294117647058826
sd,butte,2,34482,2.0,3.683333333333333,11.766666666666667,0.3614457831325301
sd,lawrence,562,44036,1.9705882352941178,3.625,21.08823529411765,0.2956521739130435
sd,lake,50,52731,1.875,3.71875,17.03125,0.34782608695652173
sd,union,55,85959,2.1666666666666665,3.3055555555555554,127.83333333333333,0.391304347826087
sd,aurora,789,46881,1.75,3.4375,4.625,0.8888888888888888
sd,brookings,24509,42256,1.6666666666666667,3.5,4.333333333333333,0.9
sd,buffalo,352,22380,1.0,2.75,2.5,1.0
sd,clark,1065,51723,1.9333333333333333,3.3,5.4,0.375
sd,custer,1935,42449,1.9285714285714286,3.9285714285714284,17.857142857142858,0.7
sd,jackson,160,25520,2.0786516853932584,2.8202247191011236,24.43820224719101,0.3236363636363636
sd,gregory,1249,41688,1.9230769230769231,3.730769230769231,7.769230769230769,0.4642857142857143
sd,tripp,632,47143,1.6153846153846154,4.384615384615385,9.0,0.26
sd,yankton,14700,43366,1.8571428571428572,3.357142857142857,5.142857142857143,1.0
sd,grant,125,56042,1.7692307692307692,3.730769230769231,5.153846153846154,0.37142857142857144
sd,lincoln,1331,59375,1.8125,3.84375,13.53125,0.2962962962962963
sd,brule,133,45980,1.7142857142857142,3.607142857142857,8.214285714285714,0.7
sd,mellette,217,28391,1.6666666666666667,3.2083333333333335,4.583333333333333,0.6
tn,obion,1051,36817,2.0,3.5357142857142856,5.214285714285714,0.5384615384615384
tn,unicoi,3577,33592,1.75,3.5,18.25,0.5517241379310345
tn,rutherford,1075,36450,2.0,3.566666666666667,4.933333333333334,0.5769230769230769
tn,loudon,5809,41723,1.9444444444444444,3.75,8.38888888888889,0.6666666666666666
tn,henderson,6315,32020,2.0,3.735294117647059,16.41176470588235,0.3148148148148148
tn,henry,465,37799,1.8,3.0,6.2,0.8333333333333334
tn,jackson,66903,27859,1.9411764705882353,3.323529411764706,19.0,0.4594594594594595
tn,gibson,396,35101,2.0,3.0,1.6666666666666667,0.5
tn,franklin,80914,34251,2.0588235294117645,3.676470588235294,39.94117647058823,0.22972972972972974
tn,dyer,2216,36791,2.0,3.4166666666666665,2.9166666666666665,0.631578947368421
tn,dickson,15583,34521,1.7142857142857142,2.7857142857142856,12.642857142857142,0.875
tn,benton,1271,29948,1.8333333333333333,3.5,6.5,0.8571428571428571
tn,decatur,1647,39001,1.5555555555555556,3.7222222222222223,6.666666666666667,0.5
tx,pecos,10254,33746,2.4285714285714284,2.6785714285714284,12.142857142857142,0.7
tx,parker,4802,48793,2.0588235294117645,3.7941176470588234,30.705882352941178,0.34
tx,orange,18484,40402,1.9285714285714286,3.1785714285714284,9.142857142857142,0.4827586206896552
tx,newton,2359,28988,1.4285714285714286,3.357142857142857,4.285714285714286,0.4375
tx,navarro,210,34722,1.7,3.2,10.0,0.8333333333333334
tx,nacogdoches,33542,34203,1.6923076923076923,2.8846153846153846,14.461538461538462,0.8125
tx,menard,1398,34927,1.2222222222222223,3.5,8.333333333333334,0.1232876712328767
tx,midland,142344,119448,2.259259259259259,2.962962962962963,14.703703703703704,0.34177215189873417
tx,presidio,3991,37989,2.2,4.1,26.2,0.38461538461538464
tx,marion,1187,35642,1.9921875,2.91015625,42.5234375,0.2929061784897025
tx,lubbock,255885,38807,1.7941176470588236,2.926470588235294,24.029411764705884,0.425
tx,llano,3537,43872,2.0,3.625,5.25,0.8
tx,live oak,15908,40604,1.9411764705882353,3.0294117647058822,19.0,0.3269230769230769
tx,liberty,9349,34237,1.7222222222222223,3.4722222222222223,8.277777777777779,0.3103448275862069
tx,montgomery,1034,64325,2.2142857142857144,2.7142857142857144,17.0,0.4666666666666667
tx,refugio,2771,45700,2.0476190476190474,3.136904761904762,19.702380952380953,0.2857142857142857
tx,san patricio,382,42008,1.893939393939394,3.007575757575758,21.848484848484848,0.25384615384615383
tx,rusk,5580,36158,2.1666666666666665,2.75,7.0,0.5
tx,lampasas,7909,46015,1.9333333333333333,2.966666666666667,12.466666666666667,0.6521739130434783
tx,yoakum,5944,45913,1.9090909090909092,3.6818181818181817,6.181818181818182,0.3548387096774194
tx,wilson,484,41750,1.8181818181818181,2.984848484848485,20.424242424242426,0.38823529411764707
tx,wheeler,1507,47936,1.6666666666666667,3.7222222222222223,14.38888888888889,0.42857142857142855
tx,wharton,8654,40827,2.0,3.25,3.75,0.5
tx,waller,3434,37688,1.6666666666666667,2.4166666666666665,9.0,0.42857142857142855
tx,victoria,67015,45847,1.875,3.5,11.0,0.6153846153846154
tx,rockwall,45112,52337,2.0,3.2777777777777777,24.0,0.8181818181818182
tx,uvalde,16181,38661,2.0,3.125,6.0,0.5
tx,throckmorton,772,48822,1.7,3.35,4.3,0.24390243902439024
tx,terrell,18126,48732,1.375,2.6875,7.25,0.6666666666666666
tx,taylor,17167,44198,1.0,2.0,1.0,0.2
tx,sherman,42462,62704,1.8571428571428572,2.75,14.571428571428571,0.5833333333333334
tx,scurry,761,49252,1.5,2.125,6.75,0.8
tx,san saba,3158,30997,2.0,4.25,6.0,0.4
tx,san augustine,1877,33653,1.9666666666666666,2.8333333333333335,9.3,0.375
tx,trinity,2771,32491,1.75,3.0416666666666665,8.916666666666666,0.4444444444444444
tx,kenedy,3448,55325,1.6666666666666667,3.25,3.5,0.5
tx,tyler,105729,29980,2.0,3.7222222222222223,20.444444444444443,0.3
tx,jones,2083,29005,1.7741935483870968,3.0161290322580645,12.387096774193548,0.4025974025974026
tx,crane,3680,48502,2.2653061224489797,2.9489795918367347,14.73469387755102,0.3310810810810811
tx,comanche,4170,38180,2.0,3.8333333333333335,10.266666666666667,0.2459016393442623
tx,coleman,4379,39495,2.0,2.0,8.0,0.2
tx,childress,6045,25793,1.6,3.1,10.7,0.9090909090909091
tx,cameron,5529,25830,1.7647058823529411,3.4705882352941178,10.235294117647058,0.4857142857142857
tx,caldwell,4397,30028,1.3333333333333333,2.0,8.0,0.5
tx,burnet,6397,42809,2.0,3.125,8.0,0.8
tx,burleson,47282,40362,2.0,2.875,20.5,0.5333333333333333
tx,crockett,6532,38419,1.967741935483871,3.225806451612903,9.32258064516129,0.2818181818181818
tx,brazoria,3112,44371,2.1333333333333333,3.2666666666666666,9.266666666666667,0.3488372093023256
tx,blanco,2012,46215,2.2,3.9,24.8,0.4166666666666667
tx,bastrop,9420,31882,1.9,3.1,11.6,0.8333333333333334
tx,bandera,901,41112,2.0,3.0,7.25,0.5
tx,bailey,301,43111,1.6666666666666667,3.125,8.0,0.6
tx,austin,964254,49031,2.016260162601626,3.3089430894308944,70.0,0.28941176470588237
tx,kaufman,7467,37453,1.8148148148148149,2.8703703703703702,13.62962962962963,0.25471698113207547
tx,andrews,13762,53851,2.2,3.2,4.4,1.0
tx,anderson,234,30978,2.064516129032258,3.306451612903226,20.806451612903224,0.3263157894736842
tx,bowie,5059,35508,1.8333333333333333,3.8333333333333335,8.25,0.46153846153846156
tx,dallas,1345047,51830,2.0245398773006134,3.2607361963190185,52.895705521472394,0.20098643649815043
tx,mason,2264,43435,1.6666666666666667,3.0,2.3333333333333335,0.6
tx,denton,138541,48827,2.0588235294117645,3.3529411764705883,22.647058823529413,0.4594594594594595
tx,jasper,7644,36848,1.4,3.1,5.6,0.5555555555555556
tx,dawson,797,31777,1.9019607843137254,3.0686274509803924,14.156862745098039,0.25
tx,houston,2325502,33759,1.98125,3.265625,43.73125,0.19047619047619047
tx,hidalgo,14083,24244,2.0,3.825,11.9,0.425531914893617
tx,henderson,13280,36123,2.25,2.5,4.25,0.8
tx,hemphill,1239,95018,2.25,4.5,3.75,0.5
tx,hays,261,37440,2.0833333333333335,3.0833333333333335,20.416666666666668,0.75
tx,haskell,3242,34551,1.7,4.05,11.2,0.2564102564102564
tx,jefferson,1961,40555,2.0,3.7857142857142856,8.857142857142858,0.5
tx,hardin,913,41209,1.6842105263157894,3.473684210526316,7.842105263157895,0.3584905660377358
tx,gonzales,7606,42371,1.7777777777777777,4.055555555555555,4.0,0.75
tx,goliad,1976,44484,1.7837837837837838,3.175675675675676,8.432432432432432,0.2642857142857143
tx,galveston,50457,48054,2.090909090909091,2.9393939393939394,69.06060606060606,0.3626373626373626
tx,franklin,1623,34871,2.25,3.625,3.75,0.8
tx,el paso,682669,31731,1.7555555555555555,3.033333333333333,26.022222222222222,0.3488372093023256
tx,ector,726,47802,1.8666666666666667,2.966666666666667,14.133333333333333,0.4838709677419355
tx,eastland,3919,49212,2.1666666666666665,3.5,7.666666666666667,1.0
tx,dickens,264,29274,1.8333333333333333,3.6666666666666665,5.666666666666667,0.5
tx,hamilton,3016,52377,1.6666666666666667,3.4444444444444446,5.777777777777778,0.6923076923076923
ut,washington,27686,31163,1.8666666666666667,4.233333333333333,64.2,0.20833333333333334
ut,tooele,35251,31564,2.0,4.0,10.714285714285714,0.7777777777777778
ut,morgan,4260,43876,2.088709677419355,3.2056451612903225,38.70161290322581,0.31313131313131315
ut,emery,268,29448,1.7777777777777777,4.027777777777778,19.22222222222222,0.3333333333333333
ut,duchesne,1770,40706,1.6666666666666667,3.1666666666666665,5.666666666666667,0.375
ut,beaver,3104,33748,1.5,3.5,32.4,1.0
ut,uintah,1342,34107,1.7894736842105263,2.9210526315789473,27.63157894736842,0.9047619047619048
va,hampton,134313,39178,1.8125,2.890625,24.65625,0.2882882882882883
va,louisa,1702,36872,2.0,3.8333333333333335,27.0,0.5
va,madison,243,46222,2.4285714285714284,4.071428571428571,33.57142857142857,0.6363636363636364
va,newport news,178626,39042,1.9396551724137931,2.7758620689655173,29.551724137931036,0.3515151515151515
va,norfolk,244076,37569,1.9272727272727272,2.6454545454545455,33.70909090909091,0.3353658536585366
va,orange,5049,42996,2.5,4.125,24.0,0.5714285714285714
va,portsmouth,94632,37238,1.9473684210526316,2.8552631578947367,45.473684210526315,0.3089430894308943
va,roanoke,99920,39649,2.0,3.861111111111111,37.55555555555556,0.2608695652173913
va,richmond,228783,32032,1.9558823529411764,3.0294117647058822,38.779411764705884,0.3105022831050228
va,shenandoah,2339,39354,2.0,3.3,21.6,0.2631578947368421
va,suffolk,91185,46071,1.875,2.71875,34.421875,0.3018867924528302
va,tazewell,4194,34146,1.6666666666666667,3.5,10.222222222222221,0.3
va,virginia beach,450189,50719,1.969387755102041,2.6785714285714284,33.48979591836735,0.32450331125827814
va,pulaski,8726,35624,1.8333333333333333,3.1666666666666665,13.5,0.75
va,halifax,1224,32437,2.0,3.0,7.0,0.6
va,surry,220,37898,1.9827586206896552,2.8275862068965516,28.810344827586206,0.32954545454545453
va,floyd,439,33906,2.0555555555555554,4.111111111111111,17.22222222222222,0.25
va,culpeper,18619,40439,2.111111111111111,3.611111111111111,9.444444444444445,0.9
va,chesapeake,242634,45248,1.875,2.7552083333333335,40.010416666666664,0.30670926517571884
va,buchanan,1171,32044,1.5,2.8333333333333335,31.666666666666668,0.6666666666666666
va,appomattox,1792,33792,1.9069767441860466,3.4767441860465116,17.74418604651163,0.3233082706766917
va,amherst,2185,32995,1.8125,3.59375,16.90625,0.4050632911392405
va,franklin,8013,35700,1.9104477611940298,2.6529850746268657,25.723880597014926,0.3052391799544419
vt,addison,1337,45709,2.2222222222222223,3.9444444444444446,16.666666666666668,0.6428571428571429
vt,rutland,15325,45885,1.8,3.0,22.266666666666666,0.8333333333333334
vt,essex,21911,32250,2.1666666666666665,3.888888888888889,62.166666666666664,0.3333333333333333
vt,franklin,1434,41083,2.1293103448275863,3.4956896551724137,25.767241379310345,0.28292682926829266
vt,washington,1016,51829,1.8888888888888888,2.888888888888889,10.11111111111111,0.6923076923076923
vt,orange,1105,42116,1.9166666666666667,2.875,12.416666666666666,0.8
vt,bennington,15002,47187,1.6666666666666667,3.2916666666666665,11.833333333333334,0.75
vt,chittenden,1190,54081,2.2903225806451615,3.903225806451613,29.387096774193548,0.32978723404255317
vt,windham,401,45232,2.2857142857142856,4.107142857142857,12.642857142857142,0.5384615384615384
vt,windsor,3348,51248,2.272727272727273,4.090909090909091,36.90909090909091,0.6111111111111112
vt,grand isle,2092,52279,1.75,3.4166666666666665,16.333333333333332,0.75
wa,yakima,93884,37846,2.1538461538461537,3.4615384615384617,36.76923076923077,0.3170731707317073
wa,spokane,219190,40028,1.945945945945946,3.1216216216216215,56.513513513513516,0.3627450980392157
wa,walla walla,32986,39426,2.0,3.8076923076923075,36.0,0.5416666666666666
wa,pacific,7219,37554,1.8064516129032258,2.7096774193548385,50.516129032258064,0.4025974025974026
wa,garfield,618,40606,1.7857142857142858,3.357142857142857,20.0,0.7777777777777778
wa,chelan,4222,45101,2.2142857142857144,3.6785714285714284,19.785714285714285,0.45161290322580644
wa,snohomish,10185,46896,2.1076923076923078,3.2384615384615385,45.83076923076923,0.3125
wa,kittitas,1493,37142,1.6,3.0,30.4,0.8333333333333334
wa,okanogan,2591,36553,1.6666666666666667,2.7777777777777777,13.11111111111111,1.0
wa,asotin,1294,40377,1.6428571428571428,2.7857142857142856,19.0,0.7777777777777778
wi,rusk,411,38750,1.8148148148148149,3.611111111111111,4.925925925925926,0.19285714285714287
wi,lafayette,5979,41854,2.066666666666667,4.0,13.6,0.5769230769230769
wi,grant,930,38957,1.9019607843137254,3.8333333333333335,13.431372549019608,0.3422818791946309
wi,dane,1047,52153,1.9387755102040816,3.2755102040816326,28.163265306122447,0.3769230769230769
wi,dunn,5250,36749,2.2941176470588234,4.0588235294117645,50.705882352941174,0.25757575757575757
wi,burnett,862,37463,2.4,3.7,4.8,0.625
wi,washington,716,49977,1.8888888888888888,3.888888888888889,7.0,0.6428571428571429
wi,florence,1951,48797,1.375,3.6875,7.875,0.8
wi,calumet,1483,44584,1.9516129032258065,3.3951612903225805,16.032258064516128,0.26956521739130435
wi,forest,1082,35826,1.6428571428571428,4.017857142857143,8.678571428571429,0.19444444444444445
wi,marquette,537,36369,2.0,4.333333333333333,1.0,0.6
wi,pierce,818,41714,2.081818181818182,3.25,35.41818181818182,0.3313253012048193
wi,langlade,449,38889,1.875,3.71875,7.9375,0.27350427350427353
wi,buffalo,695,40637,1.7692307692307692,3.769230769230769,12.076923076923077,0.65
wi,marathon,1105,43801,1.9444444444444444,3.8333333333333335,15.833333333333334,0.6666666666666666
wi,douglas,728,37422,1.864864864864865,3.7432432432432434,18.7027027027027,0.23717948717948717
wi,oneida,4746,44723,1.96875,3.484375,22.1875,0.34408602150537637
wi,pepin,717,43359,2.5714285714285716,3.4285714285714284,4.428571428571429,0.5
wi,richland,1259,38365,1.7857142857142858,3.5,7.642857142857143,0.7368421052631579
wi,rock,3211,38799,1.9903846153846154,3.0576923076923075,20.442307692307693,0.30952380952380953
wi,dodge,403,40794,1.8571428571428572,3.5357142857142856,11.785714285714286,0.6363636363636364
wi,trempealeau,1880,40883,2.0,4.0,27.0,0.2857142857142857
wi,walworth,1713,41674,2.0,3.125,78.375,0.6153846153846154
wi,polk,4006,40951,1.875,3.4375,9.375,0.6956521739130435
wi,vernon,7678,36839,1.6666666666666667,3.0833333333333335,6.333333333333333,0.75
wi,wood,759,41025,1.7555555555555555,3.2555555555555555,10.266666666666667,0.3515625
wi,price,221,41312,1.7777777777777777,3.685185185185185,5.111111111111111,0.16666666666666666
wi,vilas,229,45830,2.142857142857143,3.642857142857143,76.28571428571429,0.875
wi,chippewa,367,41329,2.125,3.875,14.375,0.5925925925925926
wi,jackson,986,40515,2.0714285714285716,3.607142857142857,13.071428571428571,0.5384615384615384
wi,adams,1895,34448,1.5,3.25,4.0,0.5
wi,ashland,7897,35419,2.25,3.375,8.25,0.75
wi,barron,3321,42944,2.0,3.5,12.88888888888889,0.23076923076923078
wi,bayfield,477,41456,2.0,3.625,8.875,0.5
wi,brown,274,46364,2.0344827586206895,3.4310344827586206,17.25862068965517,0.27751196172248804
wi,eau claire,68866,42914,1.875,3.59375,18.375,0.4444444444444444
wi,fond du lac,42959,42235,1.8888888888888888,3.3333333333333335,9.777777777777779,0.75
wi,lincoln,298,39220,1.0,3.6666666666666665,5.666666666666667,0.5
wi,jefferson,8034,39794,2.0,3.0,8.5,0.4
wi,juneau,2658,33641,1.9333333333333333,3.3666666666666667,6.8,0.6
wi,kenosha,100164,40171,1.9411764705882353,3.264705882352941,13.823529411764707,0.4722222222222222
wi,green lake,958,43012,2.142857142857143,3.9285714285714284,2.4285714285714284,0.4375
wi,la crosse,51567,43802,1.9444444444444444,3.75,20.72222222222222,0.47368421052631576
wi,waupaca,5896,41358,2.0,3.7857142857142856,6.142857142857143,0.6363636363636364
wi,kewaunee,2848,43908,1.5714285714285714,3.642857142857143,10.0,0.4666666666666667
wi,washburn,2047,42461,2.2,3.3,6.6,0.8333333333333334
wi,sheboygan,48180,45449,2.1333333333333333,3.066666666666667,31.333333333333332,0.9375
wi,racine,77432,42596,2.0,2.9375,14.25,0.6666666666666666
wi,waukesha,72549,62113,2.0,3.40625,25.5625,0.32653061224489793
wi,oconto,4517,40612,2.0,3.433333333333333,6.4,0.6521739130434783
wi,monroe,10567,36355,1.8666666666666667,3.566666666666667,13.0,0.7894736842105263
wi,marinette,10608,39004,2.0,3.1666666666666665,8.222222222222221,0.9
wi,manitowoc,32627,43040,2.0,3.0555555555555554,10.88888888888889,0.9
wi,portage,10437,39883,1.8333333333333333,3.25,11.666666666666666,0.75
wi,milwaukee,592025,42118,1.9333333333333333,3.066666666666667,49.46666666666667,0.33519553072625696
wv,wayne,1392,29049,2.0,3.5,13.235294117647058,0.4473684210526316
wv,morgan,30955,30670,1.875,3.4375,16.725,0.31496062992125984
wv,mason,938,28756,1.7142857142857142,3.3214285714285716,13.285714285714286,0.5833333333333334
wv,logan,1511,32521,2.3333333333333335,3.3333333333333335,7.0,0.42857142857142855
wy,laramie,32473,49426,1.736842105263158,3.4210526315789473,22.736842105263158,0.7307692307692307
wy,sheridan,17849,53543,1.8421052631578947,3.4210526315789473,15.31578947368421,0.8636363636363636
